# Written by conformance/oracle/nearest.py with shapely 2.2.0 (GEOS 3.14.1). Do not edit; regenerate.
pt 2 2 5 6 0 5 3 2 3 2 2 2 5 1 1 2.0 2.0
ll 2 2 5 6 0 5 3 2 3 2 2 2 5 2 3 0 6 4 4 2 2 3 4 6 1 1 2 2 1.4285714285714286 5.285714285714286
ap 3 0 6 0 5 0 0 2 2 6 3 4.0
as 3 0 6 0 5 0 0 2 2 6 3 4.0
pt 2 4 0 3 3 1 6 5 3 4 4 0 4 3 1 6 4 1 6 0 7 1.0 6.0
ll 2 4 0 3 3 1 6 5 3 4 4 0 4 3 1 6 4 1 6 2 3 4 4 6 5 4 3 4 1 5 4 3 3 0 2 0 6.0 5.0
ap 3 3 4 5 6 2 1 0 5 5 4 0.4714045207910316
as 3 3 4 5 6 2 1 0 5 5 4 0.4714045207910316
pt 1 3 1 6 4 3 5 3 3 7 1.5 5.5
ll 1 3 1 6 4 3 5 3 1 4 1 3 5 2 2 1 0 6 4.0 3.0
ap 3 2 5 2 0 0 4 5 1 1 5 1.0
as 3 2 5 2 0 0 4 5 1 1 5 1.0
pt 2 4 0 0 1 1 6 5 4 4 4 5 0 5 6 4 0 4 6 1 2 1.4878048780487805 1.3902439024390243
ll 2 4 0 0 1 1 6 5 4 4 4 5 0 5 6 4 0 4 6 2 2 6 4 5 1 4 4 1 0 0 0 3 6 4 5.0 1.0
ap 3 4 0 0 1 1 2 0 1 6 4 4.123105625617661
as 3 4 0 0 1 1 2 0 1 6 4 4.123105625617661
pt 3 4 3 6 4 0 4 4 4 3 4 1 3 3 3 4 2 0 5 2 4 4 1 5 6 5 4.0 4.0
ll 3 4 3 6 4 0 4 4 4 3 4 1 3 3 3 4 2 0 5 2 4 4 1 5 3 2 5 4 0 2 3 3 3 0 6 1 5 4 1 3 5 5 6 4 6 4 3.4375 3.375
ap 3 3 2 0 1 3 2 0 5 1 4 1.264911064067352
as 3 3 2 0 1 3 2 0 5 1 4 1.264911064067352
pt 3 3 5 6 6 0 0 1 3 4 4 6 1 2 2 3 4 0 2 1 6 3 0 5 2.0 2.0
ll 3 3 5 6 6 0 0 1 3 4 4 6 1 2 2 3 4 0 2 1 6 3 1 4 2 5 1 2 4 2 3 0 3.230769230769231 0.46153846153846156
ap 2 1 3 0 4 2 4 3 4 0.0
as 2 1 3 0 4 2 4 3 4 0.0
pt 3 2 5 0 5 6 4 5 5 5 3 6 5 0 5 2 4 6 0 0 7 -1 5.0 0.0
ll 3 2 5 0 5 6 4 5 5 5 3 6 5 0 5 2 4 6 0 0 3 3 3 5 6 6 2 3 2 0 6 3 0 2 5 3 2 3 5.0 5.666666666666667
ap 3 1 1 0 5 5 4 0 1 2 6 1.5858098560067924
as 3 1 1 0 5 5 4 0 1 2 6 1.5858098560067924
pt 3 4 0 5 1 6 0 4 1 5 3 5 4 1 1 3 6 3 5 6 5 1 0 4 3 4 2.310344827586207 4.275862068965517
ll 3 4 0 5 1 6 0 4 1 5 3 5 4 1 1 3 6 3 5 6 5 1 0 4 1 2 6 2 6 4 5.0 4.0
ap 2 1 1 2 5 6 6 6 7 4.123105625617661
as 2 1 1 2 5 6 6 6 7 4.123105625617661
pt 1 4 3 0 6 4 4 3 6 4 2 7 4.0 3.0
ll 1 4 3 0 6 4 4 3 6 4 2 3 3 0 6 1 1 3 2 6 3 2 1 3.0 0.0
ap 3 1 6 6 0 6 6 3 3 6 4 3.7353368015205732
as 3 1 6 6 0 6 6 3 3 6 4 3.7353368015205732
pt 3 3 5 6 3 6 3 4 2 6 1 2 2 3 1 6 3 5 5 6 1 4 1.8 5.6
ll 3 3 5 6 3 6 3 4 2 6 1 2 2 3 1 6 3 5 5 6 1 3 3 5 2 5 5 0 3.0 5.0
ap 4 6 1 1 3 6 6 3 5 2 4 3 2 3.365728004459065
as 4 6 1 1 3 6 6 3 5 2 4 3 2 3.365728004459065
pt 1 4 1 2 0 2 3 4 3 0 5 1 3.0 1.0
ll 1 4 1 2 0 2 3 4 3 0 1 2 2 3 6 0 3.0 2.25
ap 4 4 6 2 6 0 4 4 1 5 2 1 3 6.70342712474619
as 4 4 6 2 6 0 4 4 1 5 2 1 3 6.70342712474619
pt 1 3 4 5 3 3 3 5 7 1 3.0 3.0
ll 1 3 4 5 3 3 3 5 1 2 1 0 2 2 3.0 3.0
ap 4 1 3 5 0 4 2 6 0 0 3 1 1 0.0
as 4 1 3 5 0 4 2 6 0 0 3 1 1 0.0
pt 1 4 6 2 5 2 0 1 4 0 -1 3 0.0 1.0
ll 1 4 6 2 5 2 0 1 4 0 3 4 3 3 0 3 6 5 4 0 3 0 3 2 3 2 5 2 1 5 0 3 4.782608695652174 1.9565217391304348
ap 3 3 1 4 6 1 4 6 0 1 1 0.0
as 3 3 1 4 6 1 4 6 0 1 1 0.0
pt 1 2 4 5 2 6 0 2 2.0 6.0
ll 1 2 4 5 2 6 3 2 4 6 3 2 3 4 0 2 2 2 1 3 2 2 0 5 1 4 3.7777777777777777 5.111111111111111
ap 2 0 3 0 2 3 5 3 6 0.0
as 2 0 3 0 2 3 5 3 6 0.0
pt 2 3 3 5 1 4 3 3 4 4 0 4 6 5 4 6 5 2 0 4.0 0.0
ll 2 3 3 5 1 4 3 3 4 4 0 4 6 5 4 6 5 3 3 0 5 2 1 2 5 4 5 6 0 5 0 2 5 3 2 6 4 0 3 2.0 4.5
ap 3 2 0 0 6 6 2 6 6 2 6 7.988655909012446
as 3 2 0 0 6 6 2 6 6 2 6 7.988655909012446
pt 1 2 3 1 1 2 1 1 1.4 1.8
ll 1 2 3 1 1 2 2 3 2 2 0 0 3 3 3 0 4 5 6 6 1 1.6666666666666667 1.6666666666666667
ap 3 5 4 3 2 6 0 2 3 5 5 0.0
as 3 5 4 3 2 6 0 2 3 5 5 0.0
pt 2 3 0 2 5 2 1 0 2 0 0 0 4 2 1 2.2 0.6000000000000001
ll 2 3 0 2 5 2 1 0 2 0 0 0 4 3 2 3 2 2 5 3 4 1 5 2 6 1 2 4 4 5 2 3.0 2.0
ap 4 6 1 3 1 5 4 1 5 4 6 1 2 8.775606867894336
as 4 6 1 3 1 5 4 1 5 4 6 1 2 8.775606867894336
pt 1 3 6 2 4 2 1 1 6 7 6.0 2.0
ll 1 3 6 2 4 2 1 1 3 2 4 3 2 3 3 3 5 6 4 4 3 4 5 4 3 4 3 2 5 6 3.1 1.7
ap 2 6 6 4 0 2 6 4 6 0.6324555320336755
as 2 6 6 4 0 2 6 4 6 0.6324555320336755
pt 1 4 6 5 4 1 5 5 3 5 -1 6 3.0 5.0
ll 1 4 6 5 4 1 5 5 3 5 2 3 2 6 0 3 6 3 2 5 5 2 2 5.0 3.0
ap 4 1 5 2 5 4 0 2 5 0 6 4 1 4.231098884280702
as 4 1 5 2 5 4 0 2 5 0 6 4 1 4.231098884280702
pt 3 4 5 0 4 6 4 4 3 3 2 4 4 5 2 3 1 6 0 4 2 3 2 5 0.8 5.6
ll 3 4 5 0 4 6 4 4 3 3 2 4 4 5 2 3 1 6 0 4 2 3 2 2 0 2 4 6 4 4 5 3 3 5 2 1 4 4.0 6.0
ap 2 1 2 0 1 0 6 4 3 0.0
as 2 1 2 0 1 0 6 4 3 0.0
pt 1 3 6 3 0 1 6 6 0 6 2.459016393442623 3.0491803278688527
ll 1 3 6 3 0 1 6 6 2 4 6 5 6 5 0 6 4 1 4 0 3 6 3 6 5 0 2 5.0 5.166666666666667
ap 3 5 1 4 3 4 4 0 4 2 2 2.23606797749979
as 3 5 1 4 3 4 4 0 4 2 2 2.23606797749979
pt 3 2 3 3 0 6 2 4 2 4 1 3 3 6 5 0 2 0 3 1 4.0 1.0
ll 3 2 3 3 0 6 2 4 2 4 1 3 3 6 5 0 2 0 1 4 5 3 0 2 2 4 0 2 2.0 4.0
ap 3 2 4 3 3 1 6 3 5 3 0 1.4142135623730951
as 3 2 4 3 3 1 6 3 5 3 0 1.4142135623730951
pt 2 2 0 4 2 1 3 4 1 2 3 3 3 6 0 4.0 1.0
ll 2 2 0 4 2 1 3 4 1 2 3 3 3 3 2 6 6 3 6 4 2 4 0 5 0 1 2 1 4 1 0 1 3 2 1 6 5 0.0 4.0
ap 3 5 0 1 0 1 4 5 2 6 6 0.0
as 3 5 0 1 0 1 4 5 2 6 6 0.0
pt 3 3 3 5 1 0 5 4 3 2 3 2 1 5 4 3 0 0 5 5 6 1 0 6 2.9310344827586206 4.827586206896552
ll 3 3 3 5 1 0 5 4 3 2 3 2 1 5 4 3 0 0 5 5 6 1 2 4 5 1 4 5 6 1 4 3 4 1 3 1 2 0 6 6 2 4.4 3.4
ap 2 4 2 2 1 0 2 5 4 0.0
as 2 4 2 2 1 0 2 5 4 0.0
pt 3 3 5 6 5 5 0 1 3 5 2 4 5 5 0 4 3 4 5 4 3 3 0 6 3 6 4.0 5.0
ll 3 3 5 6 5 5 0 1 3 5 2 4 5 5 0 4 3 4 5 4 3 3 0 6 3 4 2 4 5 1 4 2 0 6 3 6 0 0 1 6 3 3 1 5 4 4 2 6 2.7777777777777777 3.2222222222222223
ap 3 5 0 1 0 2 5 6 5 1 1 5.214052265141139
as 3 5 0 1 0 2 5 6 5 1 1 5.214052265141139
pt 2 3 6 1 0 0 1 4 2 4 5 6 2 0 6 1.0 4.0
ll 2 3 6 1 0 0 1 4 2 4 5 6 2 3 4 4 2 0 5 5 6 5 6 3 1 4 6 2 1 0 4 3 2 1 4 1 2 1 2 1.0 4.0
ap 4 0 4 5 6 6 4 4 1 6 2 4 6 4.487637339278754
as 4 0 4 5 6 6 4 4 1 6 2 4 6 4.487637339278754
pt 2 4 5 1 6 1 4 0 1 1 4 4 1 4 4 6 0 1 2 3 6 4.0 4.0
ll 2 4 5 1 6 1 4 0 1 1 4 4 1 4 4 6 0 1 2 3 3 5 2 1 4 4 0 2 1 4 2 6 4 1 0 3 2 5 2 0 2 4.0 0.0
ap 3 6 5 4 2 0 0 5 0 5 1 3.605551275463989
as 3 6 5 4 2 0 0 5 0 5 1 3.605551275463989
pt 2 2 2 2 3 0 4 1 0 0 0 4 6 4 4 6 3 4.0 4.0
ll 2 2 2 2 3 0 4 1 0 0 0 4 6 4 4 3 4 4 6 0 0 5 3 0 6 2 5 6 6 2 4 5 1 1 3 1 2 1 0 2.3076923076923075 1.3846153846153846
ap 2 0 1 0 0 1 5 5 6 0.0
as 2 0 1 0 0 1 5 5 6 0.0
pt 2 2 0 0 4 0 4 0 5 5 2 4 1 2 3 5 -1 4.0 0.0
ll 2 2 0 0 4 0 4 0 5 5 2 4 1 2 3 1 3 4 4 1 3 2 2 2.5 3.5
ap 2 2 1 3 4 1 1 5 0 0.0
as 2 2 1 3 4 1 1 5 0 0.0
pt 2 3 2 5 1 0 0 6 3 2 4 4 1 4 1 6 4 3.230769230769231 2.1538461538461537
ll 2 3 2 5 1 0 0 6 3 2 4 4 1 4 1 1 3 1 5 2 3 4 4 1.7142857142857142 3.5714285714285716
ap 3 5 4 3 6 0 4 3 3 4 2 0.7071067811865476
as 3 5 4 3 6 0 4 3 3 4 2 0.0
pt 3 4 5 4 0 5 6 4 4 6 4 2 3 0 5 3 3 1 0 2 1 5 6 1 5 0 5.878048780487805 1.0975609756097562
ll 3 4 5 4 0 5 6 4 4 6 4 2 3 0 5 3 3 1 0 2 1 5 6 1 3 2 2 5 0 3 2 4 2 0 1 2 2 5 4 5 1.6666666666666667 4.666666666666667
ap 2 6 3 5 2 5 5 3 5 0.0
as 2 6 3 5 2 5 5 3 5 0.0
pt 2 3 2 0 2 5 2 3 3 2 3 6 0 0 0 5 3 3.92 1.56
ll 2 3 2 0 2 5 2 3 3 2 3 6 0 0 0 3 2 2 1 5 3 3 5 0 3 4 3 0 3 6 4 6 5 3 6 2.0 1.0
ap 3 2 0 0 2 3 2 1 4 1 1 1.4142135623730951
as 3 2 0 0 2 3 2 1 4 1 1 1.4142135623730951
pt 2 4 0 4 5 1 3 2 3 5 3 3 2 2 0 1 2 6 6 3.0 5.0
ll 2 4 0 4 5 1 3 2 3 5 3 3 2 2 0 1 2 1 3 3 2 4 1 4 0 3.0 2.0
ap 2 2 1 2 0 0 5 1 2 0.0
as 2 2 1 2 0 0 5 1 2 0.0
pt 1 3 2 4 5 2 5 2 7 3 5.0 2.0
ll 1 3 2 4 5 2 5 2 3 2 0 3 3 3 4 6 2 3 2 6 3 6 6 3 1 3 2 5 6 1 5.0 2.0
ap 4 3 3 0 1 4 1 0 0 0 1 6 4 3.605551275463989
as 4 3 3 0 1 4 1 0 0 0 1 6 4 3.605551275463989
pt 3 3 3 3 5 3 1 6 4 3 5 1 3 5 6 6 4 3 2 3 1 4 2 4 4 2 4.0 3.0
ll 3 3 3 3 5 3 1 6 4 3 5 1 3 5 6 6 4 3 2 3 1 4 2 4 1 3 0 6 6 1 1 5 3.6 3.0
ap 2 4 6 1 6 5 6 0 6 0.0
as 2 4 6 1 6 5 6 0 6 0.0
pt 3 3 2 0 4 4 6 6 3 5 2 2 2 2 1 3 1 4 4 3 2 4 5 4 4.5 4.5
ll 3 3 2 0 4 4 6 6 3 5 2 2 2 2 1 3 1 4 4 3 2 4 2 3 4 1 1 4 0 1 2 2 1 6 1 3.0 2.0
ap 3 5 3 6 3 2 1 1 0 1 5 5.47213595499958
as 3 5 3 6 3 2 1 1 0 1 5 5.47213595499958
pt 3 2 6 6 1 3 2 0 3 5 5 2 6 5 1 1 1 4 1.206896551724138 3.4827586206896552
ll 3 2 6 6 1 3 2 0 3 5 5 2 6 5 1 1 1 2 3 5 4 3 3.3076923076923075 4.384615384615385
ap 3 3 1 3 0 2 4 6 1 5 0 1.0
as 3 3 1 3 0 2 4 6 1 5 0 1.0
pt 3 4 4 5 3 4 4 5 2 0 3 5 1 3 3 3 0 2 0 6 2 0 2 -1 2.0 0.0
ll 3 4 4 5 3 4 4 5 2 0 3 5 1 3 3 3 0 2 0 6 2 0 2 3 5 3 0 4 0 4 2 3 5 3 4 3.3333333333333335 3.3333333333333335
ap 2 4 0 2 5 2 0 3 5 3.590109871423003
as 2 4 0 2 5 2 0 3 5 3.590109871423003
pt 1 4 4 2 6 0 3 5 4 3 1 7 3.0 5.0
ll 1 4 4 2 6 0 3 5 4 3 3 2 6 5 4 6 2 0 0 5 3 2 3 6 4 3 4.411764705882353 2.6470588235294117
ap 4 5 2 1 4 0 3 6 6 2 2 5 1 0.0
as 4 5 2 1 4 0 3 6 6 2 2 5 1 0.0
pt 1 2 5 5 0 4 0 1 0.0 4.0
ll 1 2 5 5 0 4 1 4 5 6 1 5 6 6 0 4 0.0 4.0
ap 2 6 4 1 3 1 1 5 0 5.0990195135927845
as 2 6 4 1 3 1 1 5 0 5.0990195135927845
pt 1 4 2 1 5 1 6 4 2 0 6 5 6.0 4.0
ll 1 4 2 1 5 1 6 4 2 0 2 3 3 3 4 1 5 5 2 4 0 5 3 4.0 1.0
ap 4 0 6 3 3 1 1 1 5 5 0 6 0 4.949747468305833
as 4 0 6 3 3 1 1 1 5 5 0 6 0 4.949747468305833
pt 2 4 1 3 1 3 2 3 1 2 3 3 0 3 2 6 2 5 6 5.0 2.0
ll 2 4 1 3 1 3 2 3 1 2 3 3 0 3 2 6 2 1 2 0 5 0 6 1.0 3.0
ap 3 4 6 2 6 6 5 3 4 0 4 3.4552137502179985
as 3 4 6 2 6 6 5 3 4 0 4 3.4552137502179985
pt 2 3 1 1 6 6 6 0 4 3 3 0 3 2 6 3 6 0 7 1.8461538461538463 5.769230769230769
ll 2 3 1 1 6 6 6 0 4 3 3 0 3 2 6 3 6 1 4 3 3 6 1 2 1 0 4 3.0 3.0
ap 3 3 1 0 5 4 2 6 5 4 3 9.4
as 3 3 1 0 5 4 2 6 5 4 3 9.4
pt 3 3 0 0 5 4 0 1 3 6 2 4 5 4 0 3 2 3 5 2 6 4 3 0 4.0 0.0
ll 3 3 0 0 5 4 0 1 3 6 2 4 5 4 0 3 2 3 5 2 6 4 1 4 1 6 2 0 6 5 5 0 1.7647058823529411 1.411764705882353
ap 3 5 5 4 3 5 5 5 2 0 4 2.23606797749979
as 3 5 5 4 3 5 5 5 2 0 4 2.23606797749979
pt 1 3 0 0 4 3 4 3 6 1 4.0 3.0
ll 1 3 0 0 4 3 4 3 1 2 6 1 1 5 3.7419354838709675 2.806451612903226
ap 2 4 3 2 4 5 1 6 6 0.0
as 2 4 3 2 4 5 1 6 6 0.0
pt 1 3 6 5 3 3 6 6 7 6 6.0 6.0
ll 1 3 6 5 3 3 6 6 3 2 3 0 0 1 2 4 1 4 3 2 6 5 5 2 6.0 5.0
ap 3 5 6 3 6 0 2 1 4 3 4 4.5
as 3 5 6 3 6 0 2 1 4 3 4 4.5
pt 2 2 6 2 6 1 3 0 4 2 0 3 0 5 1 6.0 1.0
ll 2 2 6 2 6 1 3 0 4 2 0 3 0 3 4 6 2 6 2 1 3 0 4 4 1 0 2 6 3 2 6 0 3 0 6 3 5 1 5 6.0 2.0
ap 3 5 2 4 1 4 2 2 3 2 4 2.414213562373095
as 3 5 2 4 1 4 2 2 3 2 4 2.414213562373095
pt 3 2 4 2 2 3 3 6 1 4 0 2 3 3 2 3 2 1 2 0 0 5 2.0 3.0
ll 3 2 4 2 2 3 3 6 1 4 0 2 3 3 2 3 2 1 2 0 2 4 1 6 1 3 4 0 0 6 2 3 3 4 6 2.0 3.0
ap 4 3 0 5 0 5 1 0 0 3 4 4 0 1.0
as 4 3 0 5 0 5 1 0 0 3 4 4 0 1.0
pt 1 2 0 5 4 4 1 -1 2.3529411764705883 4.411764705882353
ll 1 2 0 5 4 4 2 4 3 3 5 1 2 2 2 2 4 5 0 0 2 5 5 6 1 3.5294117647058822 4.117647058823529
ap 3 5 5 3 3 3 1 4 5 5 1 1.1313708498984758
as 3 5 5 3 3 3 1 4 5 5 1 1.1313708498984758
pt 3 4 1 0 1 1 3 4 1 3 2 6 4 1 1 3 3 1 1 6 5 6 6 6 5.0 6.0
ll 3 4 1 0 1 1 3 4 1 3 2 6 4 1 1 3 3 1 1 6 5 6 3 3 6 2 6 4 5 1 4 2 2 4 0 0 4 5 4 3 4 3 2 3 6 1 6.0 4.0
ap 4 2 2 1 6 0 0 2 3 3 0 3 3 0.0
as 4 2 2 1 6 0 0 2 3 3 0 3 3 0.0
pt 2 4 5 6 2 1 3 5 0 0 3 4 1 1 2 1 1 3 -1 3.7 1.1
ll 2 4 5 6 2 1 3 5 0 0 3 4 1 1 2 1 1 3 3 6 2 6 3 4 5 2 4 4 6 6 3 6 6 4 6 1 2 4.25 4.75
ap 3 5 2 2 1 3 1 5 3 4 0 0.39528470752104744
as 3 5 2 2 1 3 1 5 3 4 0 0.39528470752104744
pt 3 4 1 6 4 0 4 4 3 3 3 6 6 1 0 5 6 3 3 2 1 5 2 2 6 7 6.0 6.0
ll 3 4 1 6 4 0 4 4 3 3 3 6 6 1 0 5 6 3 3 2 1 5 2 2 3 3 4 3 3 5 2 2 4 2 4 3 3 5 0 4 1 2 5 6 6 2 4.0 3.0
ap 2 1 0 3 2 0 2 2 4 0.7071067811865476
as 2 1 0 3 2 0 2 2 4 2.8284271247461903
pt 1 3 3 6 5 0 6 5 0 4 3.3 5.1
ll 1 3 3 6 5 0 6 5 3 3 3 2 0 6 2 3 2 5 5 1 1 2 2 6 6 3 3.75 3.75
ap 3 4 6 4 6 1 5 2 1 3 3 1.8973665961010273
as 3 4 6 4 6 1 5 2 1 3 3 1.8973665961010273
pt 2 2 1 2 5 5 4 4 3 1 4 4 6 4 1 -1 0 1.0 2.0
ll 2 2 1 2 5 5 4 4 3 1 4 4 6 4 1 1 2 2 1 2 5 2.0 2.75
ap 3 2 0 1 6 5 3 2 1 0 4 1.3517250067329376
as 3 2 0 1 6 5 3 2 1 0 4 1.3517250067329376
pt 2 4 0 1 5 1 2 4 5 4 3 2 3 0 3 2 0 0 4 0.0 3.0
ll 2 4 0 1 5 1 2 4 5 4 3 2 3 0 3 2 0 3 2 5 6 5 0 3 0 1 6 2 0 4 2 4 4 3 2 5.0 1.0
ap 4 3 4 4 2 1 3 0 3 4 1 3 4 0.0
as 4 3 4 4 2 1 3 0 3 4 1 3 4 0.0
pt 1 3 4 3 0 6 5 1 2 -1 4.5 1.5
ll 1 3 4 3 0 6 5 1 2 4 5 4 2 6 2 5 2 3 3 3 2 5 6 0 3 2.0 4.5
ap 2 5 6 2 3 6 5 6 4 0.0
as 2 5 6 2 3 6 5 6 4 0.0
pt 3 4 6 3 1 6 2 5 5 6 3 4 0 1 4 2 1 2 3 5 1 3 2 0 2.0 1.0
ll 3 4 6 3 1 6 2 5 5 6 3 4 0 1 4 2 1 2 3 5 1 3 3 4 1 3 4 2 6 6 6 0 4 3 2 3 3 0 1 4 0 2 2 3 0 4 4.846153846153846 3.6923076923076925
ap 4 5 6 0 5 6 6 2 3 1 6 3 4 3.3993463423951895
as 4 5 6 0 5 6 6 2 3 1 6 3 4 3.3993463423951895
pt 2 4 2 5 1 2 0 5 4 3 2 5 3 5 5 7 3 5.0 3.0
ll 2 4 2 5 1 2 0 5 4 3 2 5 3 5 5 3 4 1 5 0 1 3 3 5 5 4 3 4 4 4 4 6 3 3 4 4 3 6 2 1 3 2 6 0.5714285714285714 3.2857142857142856
ap 2 5 3 0 3 3 1 1 1 2.0
as 2 5 3 0 3 3 1 1 1 2.0
pt 1 4 4 3 4 4 2 5 1 6 7 1 4.0 3.0
ll 1 4 4 3 4 4 2 5 1 6 3 3 2 2 3 1 5 5 4 4 4 2 2 2 6 4 3 2 2 4 4 0 4.0 3.0
ap 4 0 2 1 3 0 2 4 5 4 3 1 2 3.6284271247461906
as 4 0 2 1 3 0 2 4 5 4 3 1 2 3.6284271247461906
pt 1 3 3 4 4 1 0 6 2 6 0.7804878048780486 5.024390243902439
ll 1 3 3 4 4 1 0 6 3 2 6 1 2 1 3 3 4 6 4 3 2 2 4 0 1 1 4.0 1.0
ap 3 3 6 5 1 3 6 6 1 6 0 5.385164807134504
as 3 3 6 5 1 3 6 6 1 6 0 5.385164807134504
pt 1 3 3 2 3 6 3 2 7 -1 3.0 2.0
ll 1 3 3 2 3 6 3 2 3 2 0 4 4 3 4 3 4 6 3 0 4 2 3 2 3 0 0 0 3.0 3.25
ap 2 3 5 2 0 4 0 6 1 4.706787243316417
as 2 3 5 2 0 4 0 6 1 4.706787243316417
pt 1 3 4 4 1 3 4 3 1 7 2.2 3.4
ll 1 3 4 4 1 3 4 3 1 2 4 0 0 2 1.0 3.0
ap 2 5 5 0 5 0 0 1 4 4.0
as 2 5 5 0 5 0 0 1 4 4.0
pt 3 3 0 4 0 3 4 3 2 2 4 1 0 3 2 5 3 0 0 3 6 2 4.0 3.0
ll 3 3 0 4 0 3 4 3 2 2 4 1 0 3 2 5 3 0 0 3 2 4 2 6 3 0 2 4 1 2 4 4 3 5 2 0 2 5 2 2.5 3.0
ap 3 5 5 3 0 4 3 0 2 3 0 5.385164807134504
as 3 5 5 3 0 4 3 0 2 3 0 5.385164807134504
pt 2 2 3 5 1 2 4 2 0 2 6 2 1 2 2 1 1 1.0 2.0
ll 2 2 3 5 1 2 4 2 0 2 6 2 1 2 2 1 4 0 4 3 1 3 4 6 5 1.4 2.6
ap 4 4 3 2 5 6 3 5 5 4 1 5 2 6.853349484245813
as 4 4 3 2 5 6 3 5 5 4 1 5 2 6.853349484245813
pt 1 2 3 2 4 6 0 1 3.0 2.0
ll 1 2 3 2 4 6 2 4 2 2 5 5 2 6 5 4 2 5 5 0 4 3.3333333333333335 3.3333333333333335
ap 2 0 6 4 1 4 2 1 6 5.622255427989818
as 2 0 6 4 1 4 2 1 6 5.622255427989818
pt 1 2 2 2 6 4 7 7 6.0 4.0
ll 1 2 2 2 6 4 3 3 5 1 1 0 1 4 4 6 4 4 5 5 5 0 1 2 0 2 3 2 6.0 4.0
ap 4 0 6 5 2 1 1 1 3 3 1 4 4 4.718091543371572
as 4 0 6 5 2 1 1 1 3 3 1 4 4 4.718091543371572
pt 1 3 6 3 5 4 2 1 5 7 5.0 4.0
ll 1 3 6 3 5 4 2 1 2 4 0 0 4 4 0 6 3 4 3 4 6 4 6 1 5 2.0 1.0
ap 2 3 4 3 2 6 0 0 4 2.0
as 2 3 4 3 2 6 0 0 4 2.0
pt 1 4 0 6 5 3 3 6 0 2 1 6 0.7352941176470589 5.5588235294117645
ll 1 4 0 6 5 3 3 6 0 2 1 4 0 0 3 2 0 3 4 3 0.6 2.8
ap 4 1 4 3 4 5 1 2 0 3 6 2 3 1.3333333333333335
as 4 1 4 3 4 5 1 2 0 3 6 2 3 1.3333333333333335
pt 1 4 5 5 1 4 1 3 3 2 3 7 3.5882352941176467 4.647058823529412
ll 1 4 5 5 1 4 1 3 3 2 1 2 3 6 2 4 2.142857142857143 4.285714285714286
ap 4 1 3 0 5 1 5 2 2 3 3 4 3 5.765890105634494
as 4 1 3 0 5 1 5 2 2 3 3 4 3 5.765890105634494
pt 1 3 4 4 5 5 2 6 5 3 4.0 4.0
ll 1 3 4 4 5 5 2 6 2 3 0 5 3 6 1 0 3 5 6 4 2 1 4 2.5 5.833333333333333
ap 3 2 5 2 0 0 5 6 2 1 3 2.2
as 3 2 5 2 0 0 5 6 2 1 3 2.2
pt 3 3 6 1 3 0 2 0 4 2 0 6 3 3 2 0 1 3 3 0 2 1 2 4 2 0 2.0 0.0
ll 3 3 6 1 3 0 2 0 4 2 0 6 3 3 2 0 1 3 3 0 2 1 2 4 1 2 6 0 6 6 6.0 1.0
ap 2 1 4 4 3 1 4 0 0 0.0
as 2 1 4 4 3 1 4 0 0 0.0
pt 3 3 0 6 4 0 1 5 4 3 5 5 3 5 5 6 4 3 3 2 5 0 3 0 4 4 4.0 4.0
ll 3 3 0 6 4 0 1 5 4 3 5 5 3 5 5 6 4 3 3 2 5 0 3 0 3 4 6 0 4 4 1 1 6 1 3 1 4 0 3 2 1 3 0 0 0 1 2 3 2.4 2.4
ap 3 0 0 0 4 5 0 5 3 5 4 8.529039094769576
as 3 0 0 0 4 5 0 5 3 5 4 8.529039094769576
pt 2 3 5 6 3 4 0 5 2 3 5 6 4 2 4 2.1 4.3
ll 2 3 5 6 3 4 0 5 2 3 5 6 4 2 3 3 4 1 0 2 1 2 6 2 6 3 3.0 4.0
ap 3 2 6 5 1 1 3 0 6 6 0 5.830951894845301
as 3 2 6 5 1 1 3 0 6 6 0 5.830951894845301
pt 2 3 5 3 1 5 2 5 2 2 4 1 3 7 0 5.0 3.0
ll 2 3 5 3 1 5 2 5 2 2 4 1 3 2 3 2 2 4 4 5 3 3 2 0 2 4 5 6 3.6666666666666665 3.6666666666666665
ap 2 0 2 0 6 1 0 2 3 0.0
as 2 0 2 0 6 1 0 2 3 0.0
pt 2 3 5 6 1 6 4 2 2 6 5 6 1 1 -1 4.0 2.0
ll 2 3 5 6 1 6 4 2 2 6 5 6 1 2 4 4 1 6 5 5 2 4 0 3 3 2 5 1 6 3 6.0 5.0
ap 3 2 2 0 1 5 3 1 0 2 0 2.7931539920309456
as 3 2 2 0 1 5 3 1 0 2 0 2.7931539920309456
pt 3 2 0 2 1 0 3 6 2 4 0 1 3 3 4 1 5 6 2 0 4 -1 4.0 0.0
ll 3 2 0 2 1 0 3 6 2 4 0 1 3 3 4 1 5 6 2 0 1 2 6 6 3 2 4.636363636363637 4.181818181818182
ap 4 5 4 6 5 2 1 3 6 0 5 4 0 6.128258770283412
as 4 5 4 6 5 2 1 3 6 0 5 4 0 6.128258770283412
pt 1 4 2 4 3 5 5 3 1 5 7 5 5.0 3.0
ll 1 4 2 4 3 5 5 3 1 5 3 3 4 2 1 3 2 0 4 3 4 1 0 5 3 5 3 2 5 0 0 4 3.0 4.0
ap 4 2 5 2 2 6 2 2 3 4 6 2 1 3.4
as 4 2 5 2 2 6 2 2 3 4 6 2 1 3.4
pt 2 2 2 6 6 4 3 2 1 1 1 4 1 1 2 1.0 1.0
ll 2 2 2 6 6 4 3 2 1 1 1 4 1 1 2 4 1 1 0 4.0 1.0
ap 3 5 3 1 2 3 6 2 1 4 6 2.5196756600996815
as 3 5 3 1 2 3 6 2 1 4 6 2.5196756600996815
pt 1 3 1 5 0 4 2 2 1 1 2.0 2.0
ll 1 3 1 5 0 4 2 2 1 3 4 5 3 0 2 3 2.0 2.0
ap 4 0 3 4 6 0 5 1 1 2 3 1 4 1.4285714285714284
as 4 0 3 4 6 0 5 1 1 2 3 1 4 1.4285714285714284
pt 3 4 5 0 2 4 3 2 5 1 2 4 2 1 4 3 5 5 1 3 2 1 2 7 2.0 4.0
ll 3 4 5 0 2 4 3 2 5 1 2 4 2 1 4 3 5 5 1 3 2 1 2 3 6 2 4 4 2 3 2 6 4 0 1 2.5454545454545454 3.272727272727273
ap 2 0 2 2 0 0 5 1 1 1.4142135623730951
as 2 0 2 2 0 0 5 1 1 1.4142135623730951
pt 1 2 5 3 1 6 7 4 5.0 3.0
ll 1 2 5 3 1 6 2 2 0 1 1 4 4 2 1 2 5 1 3 0 2 2.12 5.16
ap 4 3 0 6 2 2 2 1 0 2 3 5 4 7.60555127546399
as 4 3 0 6 2 2 2 1 0 2 3 5 4 7.60555127546399
pt 1 3 6 5 5 1 4 6 0 5 4.038461538461538 5.8076923076923075
ll 1 3 6 5 5 1 4 6 1 4 0 5 2 5 3 0 2 2 4.115384615384615 5.423076923076923
ap 4 3 5 1 1 1 2 5 5 0 4 0 1 4.47213595499958
as 4 3 5 1 1 1 2 5 5 0 4 0 1 4.47213595499958
pt 1 4 5 3 1 1 5 2 4 1 3 4 3.8 2.4
ll 1 4 5 3 1 1 5 2 4 1 2 4 1 2 6 0 2 4 6 0 4 6 1 0 0 3 2 3 2 2.111111111111111 1.5555555555555556
ap 4 5 3 1 0 2 6 1 3 5 3 0 5 0.0
as 4 5 3 1 0 2 6 1 3 5 3 0 5 0.0
pt 3 2 3 6 2 0 3 6 5 1 5 2 5 2 5 2 6 4 6 1 5.0 2.0
ll 3 2 3 6 2 0 3 6 5 1 5 2 5 2 5 2 6 4 1 3 4 6 2 0 3 6 2.0 0.0
ap 4 2 0 6 1 6 5 2 0 2 2 6 6 8.123105625617661
as 4 2 0 6 1 6 5 2 0 2 2 6 6 8.123105625617661
pt 2 4 4 5 3 0 0 2 3 0 3 5 5 5 1 3 2 5 -1 5.0 1.0
ll 2 4 4 5 3 0 0 2 3 0 3 5 5 5 1 3 2 3 4 0 4 2 5 0 0 2 6 2 0 1 0 3 3 3 2 5 1 4 3 0.631578947368421 1.5789473684210527
ap 3 4 1 5 2 5 5 4 4 4 0 0.0
as 3 4 1 5 2 5 5 4 4 4 0 0.0
pt 2 2 6 2 3 6 4 4 2 1 4 3 2 6 2 7 4 5.4 2.8
ll 2 2 6 2 3 6 4 4 2 1 4 3 2 6 2 2 3 0 3 4 6 2 1 4 6 6 5 2 2 0 5 1 3.36 5.52
ap 2 1 3 6 1 3 2 3 1 2.2283440581246223
as 2 1 3 6 1 3 2 3 1 2.2283440581246223
pt 2 4 6 1 6 0 0 2 3 6 4 0 3 5 6 3 6 6 3 4 1 3.9000000000000004 0.7
ll 2 4 6 1 6 0 0 2 3 6 4 0 3 5 6 3 6 6 3 1 4 4 0 6 3 0 3 0 5 4.363636363636363 0.5454545454545454
ap 3 3 1 0 5 0 3 1 6 0 3 4.230769230769231
as 3 3 1 0 5 0 3 1 6 0 3 4.230769230769231
pt 1 3 6 2 4 3 3 0 6 7 4.0 3.0
ll 1 3 6 2 4 3 3 0 2 2 2 5 6 1 3 0 5 6 0 3 2 4.0 3.0
ap 2 5 5 6 4 0 4 4 0 0.0
as 2 5 5 6 4 0 4 4 0 0.0
pt 2 4 2 1 1 5 2 6 4 5 2 3 2 3 4 0 4 1.1764705882352942 4.294117647058823
ll 2 4 2 1 1 5 2 6 4 5 2 3 2 3 4 2 2 4 2 5 2 3 2 0 0 5 0 5 2.0 1.0
ap 2 3 4 6 2 5 5 2 3 0.30046260628866567
as 2 3 4 6 2 5 5 2 3 0.30046260628866567
pt 3 4 3 0 3 3 2 4 3 4 2 6 1 0 5 3 4 3 4 2 2 5 7 3 5.769230769230769 1.1538461538461537
ll 3 4 3 0 3 3 2 4 3 4 2 6 1 0 5 3 4 3 4 2 2 5 1 2 2 6 5 6 2.0 5.0
ap 3 6 4 3 5 3 0 1 2 5 0 7.16227766016838
as 3 6 4 3 5 3 0 1 2 5 0 7.16227766016838
pt 1 3 3 6 5 5 2 0 3 4 4.029411764705882 3.3823529411764706
ll 1 3 3 6 5 5 2 0 3 3 1 0 5 3 1 1 4 6 0 3 4 2 1 4 6 4 3 6 2 4 2 4 5 4 2.8181818181818183 1.3636363636363635
ap 4 0 1 2 1 6 1 6 6 1 2 3 3 1.0
as 4 0 1 2 1 6 1 6 6 1 2 3 3 1.0
pt 1 3 2 0 1 4 1 5 5 4 1.2352941176470589 3.0588235294117645
ll 1 3 2 0 1 4 1 5 3 2 6 4 3 4 2 6 5 0 3 4 5 3 0 3 5 0 4 3 1.1538461538461537 3.3846153846153846
ap 2 3 2 0 4 0 3 5 0 0.0
as 2 3 2 0 4 0 3 5 0 0.0
pt 3 3 3 1 3 0 2 5 4 3 3 0 3 4 6 6 3 2 4 4 0 4 0 5 0.0 4.0
ll 3 3 3 1 3 0 2 5 4 3 3 0 3 4 6 6 3 2 4 4 0 4 3 4 5 5 4 3 1 2 0 3 4 3 1 5 1 1 4 0 3 2 0 0 5 4 2.5 2.5
ap 2 4 5 1 6 4 0 4 1 0.0
as 2 4 5 1 6 4 0 4 1 0.0
pt 3 4 4 5 4 4 2 1 4 3 3 6 2 6 0 5 1 3 1 2 6 2 0 6 4 0 5.0 1.0
ll 3 4 4 5 4 4 2 1 4 3 3 6 2 6 0 5 1 3 1 2 6 2 0 6 2 2 6 4 5 0 2 6 0 2 4 5.2 0.8
ap 4 2 2 1 5 1 4 3 0 1 0 0 1 7.739986424168044
as 4 2 2 1 5 1 4 3 0 1 0 0 1 7.739986424168044
pt 2 3 0 2 4 5 6 1 3 4 6 5 5 5 2 2 4 2.24 3.68
ll 2 3 0 2 4 5 6 1 3 4 6 5 5 5 2 3 3 0 6 3 4 5 5 3 1 4 5 5 3 2 3 4 2 1 4 5 3 2.823529411764706 4.117647058823529
ap 4 2 6 3 1 3 6 4 3 4 6 2 5 0.92709445701687
as 4 2 6 3 1 3 6 4 3 4 6 2 5 0.92709445701687
pt 3 2 4 4 5 4 4 2 5 6 3 3 2 4 5 3 0 0 1 4 5 2 3 7 2.0 5.0
ll 3 2 4 4 5 4 4 2 5 6 3 3 2 4 5 3 0 0 1 4 5 2 3 2 5 2 6 0 2 0 3 5 1 4 2 6 1 4 1 5 1 6 5.0 2.0
ap 2 0 0 3 0 5 3 2 3 2.0
as 2 0 0 3 0 5 3 2 3 3.0
pt 2 3 5 3 5 3 3 3 4 3 4 0 4 1 1 2 5 5 3 5.0 3.0
ll 2 3 5 3 5 3 3 3 4 3 4 0 4 1 1 2 5 2 4 2 0 6 0 4 1 0 0 4 0 6 2 1 4 3 4 4 4.0 3.0
ap 4 0 4 6 1 6 5 4 2 4 3 4 1 4.47213595499958
as 4 0 4 6 1 6 5 4 2 4 3 4 1 4.47213595499958
pt 2 3 6 4 3 3 5 6 2 0 4 2 5 0 -1 3.0 3.0
ll 2 3 6 4 3 3 5 6 2 0 4 2 5 1 2 0 6 6 0 3.0 3.0
ap 2 6 5 3 5 1 6 1 4 3.0
as 2 6 5 3 5 1 6 1 4 3.0
pt 1 4 4 4 1 4 0 1 3 1 0 2 0.30000000000000004 1.9000000000000004
ll 1 4 4 4 1 4 0 1 3 1 1 2 0 3 3 6 1.0 4.0
ap 3 1 5 2 0 5 3 3 5 6 2 9.34166020071207
as 3 1 5 2 0 5 3 3 5 6 2 9.34166020071207
pt 2 2 1 3 3 2 3 6 5 1 4 4 0 1 1 1.8 2.6
ll 2 2 1 3 3 2 3 6 5 1 4 4 0 1 3 3 0 4 2 2 2 3.0 2.0
ap 2 6 6 5 6 4 2 2 4 1.0
as 2 6 6 5 6 4 2 2 4 1.0
pt 2 3 0 0 3 4 3 0 2 1 2 2 0 6 4 3.0 4.0
ll 2 3 0 0 3 4 3 0 2 1 2 2 0 3 4 6 6 0 3 5 0 2 6 2 3 5 4 6 3 1 0 0 2 1 0 1.5517241379310345 2.0689655172413794
ap 2 5 4 3 1 4 1 5 6 1.0301575072754254
as 2 5 4 3 1 4 1 5 6 1.0301575072754254
pt 1 2 0 5 3 4 0 6 0.0 5.0
ll 1 2 0 5 3 4 2 3 2 3 5 5 4 2 4 3 5 3 2 4 6 1 5 3.0 4.0
ap 2 2 3 5 6 5 4 0 6 2.2223355980148636
as 2 2 3 5 6 5 4 0 6 2.2223355980148636
pt 1 3 0 6 0 2 1 3 5 3 1.0 3.0
ll 1 3 0 6 0 2 1 3 3 2 0 5 2 1 3 5 6 5 0 1 1 2 0 3 2 6 0.0 5.0
ap 4 5 6 1 5 3 0 4 4 3 4 6 0 12.60059965196541
as 4 5 6 1 5 3 0 4 4 3 4 6 0 12.60059965196541
pt 2 2 3 0 6 5 4 2 1 4 1 2 1 0 5 3 3 4.323529411764706 2.2058823529411766
ll 2 2 3 0 6 5 4 2 1 4 1 2 1 0 5 1 3 6 0 6 6 5 0 6.0 5.0
ap 4 2 2 4 1 5 2 4 5 6 4 2 0 1.49071198499986
as 4 2 2 4 1 5 2 4 5 6 4 2 0 1.49071198499986
pt 3 3 4 4 1 6 2 5 2 3 0 0 5 2 5 2 1 4 5 3 4.6 2.2
ll 3 3 4 4 1 6 2 5 2 3 0 0 5 2 5 2 1 4 3 4 2 4 4 6 2 4 5 5 4 0 5 4 5 3 3 0 6 2 4 0 5 4 2.8 4.8
ap 4 1 6 6 0 1 4 4 3 4 1 4 2 10.371499370879793
as 4 1 6 6 0 1 4 4 3 4 1 4 2 10.371499370879793
pt 1 3 0 5 1 4 5 0 5 7 1.5 3.5
ll 1 3 0 5 1 4 5 0 3 3 3 5 4 3 0 4 2 2 1 3 3 4 2 1 1 5 1 1 6 2 1.3333333333333333 3.6666666666666665
ap 4 4 5 4 0 5 4 6 5 2 3 6 5 1.0
as 4 4 5 4 0 5 4 6 5 2 3 6 5 1.0
pt 2 4 0 1 4 0 1 2 2 4 2 2 2 3 2 4 6 2.0 4.0
ll 2 4 0 1 4 0 1 2 2 4 2 2 2 3 2 3 4 2 2 4 3 1 2 0 2 2 6 3 5 4 2 2 6 5 0 1.0 2.0
ap 3 6 6 5 4 1 5 3 5 6 1 3.821877833506582
as 3 6 6 5 4 1 5 3 5 6 1 3.821877833506582
pt 2 4 3 0 3 0 1 5 4 4 2 1 4 3 6 1 -1 3.0 0.0
ll 2 4 3 0 3 0 1 5 4 4 2 1 4 3 6 2 2 0 4 6 0 3 5 5 5 5 2 3 1.9090909090909092 2.727272727272727
ap 4 0 1 0 6 3 4 6 2 1 1 3 4 8.60555127546399
as 4 0 1 0 6 3 4 6 2 1 1 3 4 8.60555127546399
pt 3 3 2 5 4 0 2 2 4 2 3 0 1 4 0 5 5 4 6 1 6 4 6 5 1 2 6 -1 6.0 1.0
ll 3 3 2 5 4 0 2 2 4 2 3 0 1 4 0 5 5 4 6 1 6 4 6 5 1 2 2 2 1 5 3 5 4 1 6 2 6 0 5 6 3 2.0 5.0
ap 3 4 3 2 0 1 3 1 0 2 5 5.581974813069227
as 3 4 3 2 0 1 3 1 0 2 5 5.581974813069227
pt 2 4 6 4 3 4 2 6 5 4 2 6 6 6 3 3 6 2.6923076923076925 5.538461538461538
ll 2 4 6 4 3 4 2 6 5 4 2 6 6 6 3 3 2 5 0 2 6 3 5 4 2 1 3 3 4 2 3 4 5 4 0 0 1 3.0 4.0
ap 3 3 3 2 1 4 2 2 2 4 3 0.7453559924999299
as 3 3 3 2 1 4 2 2 2 4 3 0.7453559924999299
pt 2 3 4 4 1 5 3 4 4 4 2 4 6 4 1 3 0 4 2 4.0 2.0
ll 2 3 4 4 1 5 3 4 4 4 2 4 6 4 1 3 0 1 3 4 0 2 5 2 1 2.1538461538461537 4.615384615384615
ap 3 1 2 2 3 4 6 5 0 4 4 3.3556642491613964
as 3 1 2 2 3 4 6 5 0 4 4 3.3556642491613964
pt 3 4 2 2 1 6 4 5 2 5 4 0 6 3 4 4 5 5 1 2 2 0 0 6 7 -1 5.0 1.0
ll 3 4 2 2 1 6 4 5 2 5 4 0 6 3 4 4 5 5 1 2 2 0 0 6 2 2 6 0 6 6 4 6 1 2 1 2 1 4 2 5.0 1.0
ap 4 2 3 4 5 0 0 3 0 2 5 2 3 0.0
as 4 2 3 4 5 0 0 3 0 2 5 2 3 0.0
pt 2 3 5 1 6 4 5 5 2 4 6 4 0 4 4 4.0 4.0
ll 2 3 5 1 6 4 5 5 2 4 6 4 0 3 3 0 4 2 5 1 0 3 3 4 1 6 5 1 4 6 5 1 0 3 2 4 0 5.0 1.0
ap 3 0 0 2 2 5 0 5 0 4 6 6.433978400210179
as 3 0 0 2 2 5 0 5 0 4 6 6.433978400210179
pt 2 4 5 2 2 4 3 5 4 4 3 3 4 1 5 4 3 3 0 4.538461538461538 2.3076923076923075
ll 2 4 5 2 2 4 3 5 4 4 3 3 4 1 5 4 3 2 3 0 0 3 1 5 2 3 2 3 6 2 3 0 5.0 2.0
ap 3 5 1 6 5 0 6 0 2 5 4 2.910427500435996
as 3 5 1 6 5 0 6 0 2 5 4 2.910427500435996
pt 2 3 6 4 6 5 1 0 3 0 6 2 0 6 6 1 5 0.4 4.8
ll 2 3 6 4 6 5 1 0 3 0 6 2 0 6 6 1 2 0 0 2 5 1.0909090909090908 2.727272727272727
ap 4 6 6 6 3 1 2 3 1 1 4 0 2 8.099019513592784
as 4 6 6 6 3 1 2 3 1 1 4 0 2 8.099019513592784
pt 1 4 2 6 0 5 5 5 4 0 -1 -1 4.0 0.0
ll 1 4 2 6 0 5 5 5 4 0 1 3 6 4 0 4 4 5 4.8 4.0
ap 3 6 6 2 2 2 4 6 3 2 5 2.8284271247461903
as 3 6 6 2 2 2 4 6 3 2 5 2.8284271247461903
pt 2 2 4 1 0 3 3 0 1 3 4 2 5 7 3 4.0 1.0
ll 2 2 4 1 0 3 3 0 1 3 4 2 5 3 4 5 1 1 0 6 2 4 1 2 5 3 0 3 3 4 0 6 5 0 4 3.7777777777777777 1.1111111111111112
ap 4 5 2 3 0 3 3 1 0 1 6 3 4 5.82842712474619
as 4 5 2 3 0 3 3 1 0 1 6 3 4 5.82842712474619
pt 3 4 4 0 2 5 2 3 1 2 3 6 6 5 0 1 5 4 2 0 4 4 3 2 4 5 7 5 5.864864864864865 5.1891891891891895
ll 3 4 4 0 2 5 2 3 1 2 3 6 6 5 0 1 5 4 2 0 4 4 3 2 4 5 2 3 6 1 6 4 2 6 3 0 1 0 1 4 2 5.6923076923076925 4.153846153846154
ap 4 6 1 4 0 5 0 1 1 5 6 3 0 5.139039804707941
as 4 6 1 4 0 5 0 1 1 5 6 3 0 5.139039804707941
pt 2 4 4 3 0 0 1 0 2 3 3 1 1 1 5 4 2 1 0 1.0 0.0
ll 2 4 4 3 0 0 1 0 2 3 3 1 1 1 5 4 2 1 4 2 3 5 0 5 4 6 2 2.857142857142857 2.142857142857143
ap 2 0 6 1 6 6 6 1 1 1.0
as 2 0 6 1 6 6 6 1 1 1.0
pt 3 3 6 1 0 0 3 6 3 0 5 3 5 3 1 4 5 0 0 3 0 3 0 1 7 3 6.0 1.0
ll 3 3 6 1 0 0 3 6 3 0 5 3 5 3 1 4 5 0 0 3 0 3 0 1 1 3 2 0 6 5 1 6 2.3076923076923075 0.38461538461538464
ap 2 0 3 3 3 6 0 5 6 3.0
as 2 0 3 3 3 6 0 5 6 3.0
pt 3 3 3 4 4 3 0 0 3 0 6 0 0 4 0 2 0 1 4 3 2 5 3.0 4.0
ll 3 3 3 4 4 3 0 0 3 0 6 0 0 4 0 2 0 1 4 3 3 3 4 1 6 0 6 5 4 5 2 2 6 4 3 6 3 4 6 5 1 0 5 4 6 0 4.0 3.0
ap 2 3 0 5 4 4 1 2 3 1.4907119849998598
as 2 3 0 5 4 4 1 2 3 1.4907119849998598
pt 1 3 5 0 0 6 5 4 0 0 2.9508196721311473 2.459016393442623
ll 1 3 5 0 0 6 5 4 2 3 5 4 1 5 5 3 2 2 1 1 4 5.0 4.0
ap 3 0 0 0 6 1 1 3 6 5 0 6.588348405414552
as 3 0 0 0 6 1 1 3 6 5 0 6.588348405414552
pt 1 4 0 6 4 3 2 1 4 3 5 7 2.72 3.96
ll 1 4 0 6 4 3 2 1 4 3 1 2 5 3 3 5 4.0 3.0
ap 4 5 2 0 3 2 5 1 3 2 5 1 6 7.927446638338974
as 4 5 2 0 3 2 5 1 3 2 5 1 6 7.927446638338974
pt 3 3 3 6 5 2 6 2 4 1 1 4 2 2 2 0 4 2 0 0 1 4 6 3 6.0 2.0
ll 3 3 3 6 5 2 6 2 4 1 1 4 2 2 2 0 4 2 0 0 1 4 2 3 2 1 6 0 0 1 3 6 3 4 4 4 1 0.24 0.96
ap 2 2 5 6 1 1 4 0 2 0.0
as 2 2 5 6 1 1 4 0 2 0.0
pt 3 3 0 2 2 3 4 0 3 1 5 1 5 2 3 4 0 4 3 3 3 5 0 5 6 4 3.0 4.0
ll 3 3 0 2 2 3 4 0 3 1 5 1 5 2 3 4 0 4 3 3 3 5 0 5 3 4 0 0 0 3 1 6 3 3 3 5 4 3 5 6 0 4 4 5 2 0 2 3 0 6 0.0 2.0
ap 2 4 3 6 4 6 2 2 3 0.0
as 2 4 3 6 4 6 2 2 3 0.0
pt 3 3 0 5 3 5 4 1 3 4 1 4 5 2 0 2 0 2 2 0 2 4 2.0 5.0
ll 3 3 0 5 3 5 4 1 3 4 1 4 5 2 0 2 0 2 2 0 3 3 0 2 5 3 1 4 2 6 1 1 5 4 5 4 3 0 6 0 6 0 3.5714285714285716 2.7142857142857144
ap 3 5 4 6 1 0 2 5 1 5 2 4.1760714152180824
as 3 5 4 6 1 0 2 5 1 5 2 4.1760714152180824
pt 2 4 4 4 6 0 6 3 4 6 3 0 3 6 1 6 0 5 0 5.8 0.3999999999999999
ll 2 4 4 4 6 0 6 3 4 6 3 0 3 6 1 6 0 2 3 3 1 3 3 4 5 2 6 3 1 6 3.0 2.0
ap 2 6 0 6 2 3 0 2 2 0.0
as 2 6 0 6 2 3 0 2 2 0.0
pt 2 3 6 1 6 0 3 5 2 4 5 5 4 7 3 6.0 1.0
ll 2 3 6 1 6 0 3 5 2 4 5 5 4 2 4 5 6 1 6 6 4 4 1 3 1 2 6 3 1 0 4.7368421052631575 2.1052631578947367
ap 2 2 1 3 4 3 1 2 4 1.5811388300841898
as 2 2 1 3 4 3 1 2 4 1.5811388300841898
pt 2 2 0 3 5 6 3 1 5 1 3 5 1 5 0 5.0 1.0
ll 2 2 0 3 5 6 3 1 5 1 3 5 1 3 3 0 4 1 5 0 5 3 6 5 1 6 1 6 2 0 6 2 5 1.0 5.0
ap 2 6 6 1 3 4 5 4 6 2.2294816068526147
as 2 6 6 1 3 4 5 4 6 2.2294816068526147
pt 2 3 3 5 3 4 6 5 3 0 0 5 5 5 1 7 2 5.0 2.0
ll 2 3 3 5 3 4 6 5 3 0 0 5 5 5 1 2 4 2 5 3 3 1 6 0 3 4 6 2 1 1 0 4 0 4 3.0 3.0
ap 4 5 4 0 2 6 4 3 2 6 5 3 4 0.0
as 4 5 4 0 2 6 4 3 2 6 5 3 4 0.0
pt 2 3 4 6 3 2 4 1 3 6 3 4 6 6 4 -1 7 3.9411764705882355 5.764705882352941
ll 2 3 4 6 3 2 4 1 3 6 3 4 6 6 4 3 2 2 1 1 0 4 6 0 2 3 0 3 5 2 4 1 5 3 5 5 6 5 0 3.0526315789473686 2.210526315789474
ap 4 2 1 6 4 6 0 5 1 2 4 0 2 0.0
as 4 2 1 6 4 6 0 5 1 2 4 0 2 0.0
pt 3 3 1 6 0 5 0 0 2 2 1 3 6 3 2 1 6 0 2 5 3 1 2.9411764705882355 0.7647058823529411
ll 3 3 1 6 0 5 0 0 2 2 1 3 6 3 2 1 6 0 2 5 2 4 3 2 1 5 4 2 4 5 3 6 1 0 0 5 5 2.3846153846153846 2.923076923076923
ap 4 4 6 0 2 2 2 4 3 5 0 3 5 1.4142135623730951
as 4 4 6 0 2 2 2 4 3 5 0 3 5 1.4142135623730951
pt 1 2 4 2 0 6 4 7 1.5 4.5
ll 1 2 4 2 0 6 2 2 1 6 1 0 2 4 3 5 1 1.0 5.0
ap 2 5 2 5 5 1 1 5 2 0.0
as 2 5 2 5 5 1 1 5 2 0.0
pt 2 2 2 3 5 2 3 6 0 2 6 6 5 0 5 2.0 6.0
ll 2 2 2 3 5 2 3 6 0 2 6 6 5 3 2 0 5 6 3 2 2 1 1 2 3 4 0 0 5 2 6 3.4285714285714284 3.857142857142857
ap 4 3 5 2 1 3 0 5 0 1 6 4 4 0.2945075446869757
as 4 3 5 2 1 3 0 5 0 1 6 4 4 0.2945075446869757
pt 3 4 5 1 3 6 0 0 3 2 3 5 6 5 5 5 6 2 5 3 6 4 7 2 5.5 3.5
ll 3 4 5 1 3 6 0 0 3 2 3 5 6 5 5 5 6 2 5 3 6 4 2 2 5 4 0 3 2 0 3 3 1 3.888888888888889 3.7777777777777777
ap 3 4 3 1 2 5 3 5 5 3 2 0.4517539514526254
as 3 4 3 1 2 5 3 5 5 3 2 0.4517539514526254
pt 3 2 3 5 4 3 4 3 2 4 2 3 2 3 5 2 5 5 2 4 1 1 3.0 2.0
ll 3 2 3 5 4 3 4 3 2 4 2 3 2 3 5 2 5 5 2 4 3 2 3 3 4 2 3 3 2 6 1 2 2 4 1 0 4 5 6 4 3 5 4.0 2.0
ap 2 2 0 6 1 3 6 0 5 0.0
as 2 2 0 6 1 3 6 0 5 0.0
pt 2 3 0 1 3 1 4 5 4 0 1 2 4 5 0 3 0 1 0 1.0 1.0
ll 2 3 0 1 3 1 4 5 4 0 1 2 4 5 0 3 0 3 4 4 2 2 2 1 6 6 4 2 4 5 4 3 3 0 6 5 2 3 6 3.25 2.0
ap 3 4 6 3 3 2 2 3 4 2 5 2.2135943621178655
as 3 4 6 3 3 2 2 3 4 2 5 2.2135943621178655
pt 2 3 3 3 6 6 1 4 4 1 1 4 1 5 1 2 0 1 3 1.0 4.0
ll 2 3 3 3 6 6 1 4 4 1 1 4 1 5 1 2 0 1 4 2 0 6 2 0 3 1 6 4.0 1.0
ap 3 1 1 4 3 0 5 3 5 5 4 3.605551275463989
as 3 1 1 4 3 0 5 3 5 5 4 3.605551275463989
pt 3 2 5 2 3 5 4 1 0 0 1 1 3 6 4 4 5 4 0 3 2 4 0 6 1 6 0.5 5.5
ll 3 2 5 2 3 5 4 1 0 0 1 1 3 6 4 4 5 4 0 3 2 4 0 6 3 2 5 6 4 6 3 6 1 3 0 4 6 3 3 4 2 1 3 1 3.6666666666666665 4.0
ap 3 4 0 6 2 3 5 1 5 2 5 7.0710678118654755
as 3 4 0 6 2 3 5 1 5 2 5 7.0710678118654755
pt 3 3 1 2 6 6 1 0 4 3 6 1 1 4 4 0 2 2 3 0 1 4 6 6 6.0 6.0
ll 3 3 1 2 6 6 1 0 4 3 6 1 1 4 4 0 2 2 3 0 1 4 1 3 4 5 3 4 6 2 3.272727272727273 3.8181818181818183
ap 3 5 5 2 2 0 0 6 0 6 5 0.0
as 3 5 5 2 2 0 0 6 0 6 5 0.0
pt 2 4 6 2 0 2 4 4 4 3 2 3 3 3 0 1 4 1.6 2.8
ll 2 4 6 2 0 2 4 4 4 3 2 3 3 3 0 3 4 3 3 1 1 3 3 5 0 3 5 4 6 3 0 3 2 4 1 3 4 2.0 2.0
ap 2 5 5 3 4 0 3 5 2 2.23606797749979
as 2 5 5 3 4 0 3 5 2 2.23606797749979
pt 1 4 2 3 4 5 6 5 2 3 6 -1 3.6 3.8
ll 1 4 2 3 4 5 6 5 2 3 3 2 4 6 4 0 4 0 3 1 6 5 1 5 5 3 4 4 6 3 3 3 4.0 5.0
ap 3 3 6 4 2 4 0 0 5 5 4 1.736044473944278
as 3 3 6 4 2 4 0 0 5 5 4 1.736044473944278
pt 1 2 6 2 4 3 7 2 6.0 2.0
ll 1 2 6 2 4 3 1 4 0 2 0 2 2 0 2 5 4.0 3.0
ap 2 4 1 1 4 1 5 1 0 4.242640687119285
as 2 4 1 1 4 1 5 1 0 4.242640687119285
pt 1 4 5 4 2 1 4 0 4 0 -1 -1 2.0 1.0
ll 1 4 5 4 2 1 4 0 4 0 3 4 2 4 2 0 6 0 3 2 3 6 3 4 3 5 0 3 1 4 2 2 4 3 2.0 1.0
ap 2 3 1 5 5 6 4 6 2 4.024922359499622
as 2 3 1 5 5 6 4 6 2 4.024922359499622
pt 2 2 1 4 6 5 2 0 3 6 4 7 1 6.0 4.0
ll 2 2 1 4 6 5 2 0 3 6 4 1 4 4 1 4 4 1 0 2 4 4.0 3.6666666666666665
ap 4 5 2 5 4 6 3 4 5 4 5 4 1 6.242640687119286
as 4 5 2 5 4 6 3 4 5 4 5 4 1 6.242640687119286
pt 3 2 3 0 2 0 3 0 1 4 0 3 4 4 1 2 6 6 1 2 1 4 1 2 1.0 2.0
ll 3 2 3 0 2 0 3 0 1 4 0 3 4 4 1 2 6 6 1 2 1 4 3 2 6 1 2 3 3 5 4 4 6 5 2 2 1 6 6 1 3.4285714285714284 2.2857142857142856
ap 4 2 4 2 1 0 4 1 1 6 5 6 1 3.0
as 4 2 4 2 1 0 4 1 1 6 5 6 1 0.0
pt 2 4 5 4 5 4 5 5 3 4 2 2 4 0 1 2 2 1.0769230769230769 2.6153846153846154
ll 2 4 5 4 5 4 5 5 3 4 2 2 4 0 1 3 2 1 2 2 6 4 4 5 0 1 5 1 4 1 3 1 4 5 5 2 2 1.2 2.8
ap 2 1 5 4 5 3 0 1 2 0.0
as 2 1 5 4 5 3 0 1 2 0.0
pt 1 2 2 5 2 1 7 -1 2.0 1.0
ll 1 2 2 5 2 1 3 4 0 1 0 1 0 6 3 6 2 5 6 2 4 2 1 5 4 5 2.0 4.0
ap 4 4 3 6 1 4 1 5 3 6 5 1 3 0.0
as 4 4 3 6 1 4 1 5 3 6 5 1 3 0.0
pt 1 3 3 1 1 1 4 5 2 6 3.7600000000000002 4.68
ll 1 3 3 1 1 1 4 5 2 2 4 4 3 5 4 0 6 1 3 4 0 2 2 3.5714285714285716 4.428571428571429
ap 3 3 5 6 3 3 1 4 1 4 3 6.009252125773315
as 3 3 5 6 3 3 1 4 1 4 3 6.009252125773315
pt 3 4 5 6 5 2 3 4 4 3 4 4 6 4 2 4 1 0 0 3 4 6 0 2 5 0 -1 6 1.5 3.5
ll 3 4 5 6 5 2 3 4 4 3 4 4 6 4 2 4 1 0 0 3 4 6 0 2 5 0 1 2 3 4 5 2 5.0 2.0
ap 2 2 4 0 4 4 5 4 1 0.0
as 2 2 4 0 4 4 5 4 1 0.0
pt 3 2 2 2 6 0 2 4 5 1 2 2 3 4 6 3 2 3 2.0 3.0
ll 3 2 2 2 6 0 2 4 5 1 2 2 3 4 6 3 2 3 3 5 2 5 4 6 3 3 1 1 0 2 4 1.6666666666666667 2.6666666666666665
ap 4 0 2 3 2 1 1 6 1 5 3 1 2 1.0
as 4 0 2 3 2 1 1 6 1 5 3 1 2 1.0
pt 3 4 6 1 6 1 2 4 6 4 2 6 4 3 6 2 4 0 2 0 4 6 3.692307692307692 5.538461538461538
ll 3 4 6 1 6 1 2 4 6 4 2 6 4 3 6 2 4 0 2 0 2 2 5 2 6 6 3 6 5 6 4 0 0 5.5 4.0
ap 2 4 5 6 6 0 3 2 4 0.0
as 2 4 5 6 6 0 3 2 4 0.0
pt 3 2 2 1 4 0 4 2 3 4 0 6 4 2 2 2 3 2 3 3 3 3 3.0 3.0
ll 3 2 2 1 4 0 4 2 3 4 0 6 4 2 2 2 3 2 3 3 3 4 1 2 6 4 1 1 0 3 2 2 6 5 2 3 2 3 4 0 4 0 2.3157894736842106 2.526315789473684
ap 2 6 4 2 6 5 0 1 3 4.024922359499622
as 2 6 4 2 6 5 0 1 3 4.024922359499622
pt 2 3 5 4 4 1 4 2 3 1 6 0 3 6 3 6 1 4.2 1.5999999999999996
ll 2 3 5 4 4 1 4 2 3 1 6 0 3 6 3 3 3 6 3 6 2 2 2 4 0 3 2 5 2 4 6 3 4 1 4 6 1 3 3 6 0 4.333333333333333 2.0
ap 3 3 2 3 1 5 0 2 3 0 2 0.0
as 3 3 2 3 1 5 0 2 3 0 2 0.0
pt 1 3 2 2 5 3 1 3 7 2 5.0 3.0
ll 1 3 2 2 5 3 1 3 3 2 2 5 5 2 3 2 6 1 6 6 1 4 1 0 1 5 3 2 5 3 4.25 2.75
ap 3 4 0 2 1 2 6 0 5 3 0 1.5971914124998496
as 3 4 0 2 1 2 6 0 5 3 0 1.5971914124998496
pt 2 2 6 1 5 3 4 2 3 4 5 4 4 1 0 7 0 6.0 1.0
ll 2 2 6 1 5 3 4 2 3 4 5 4 4 1 0 1 4 0 6 0 6 0 0 4 3 2.2857142857142856 1.7142857142857142
ap 4 0 3 2 1 4 2 0 3 1 0 5 5 2.671292284482513
as 4 0 3 2 1 4 2 0 3 1 0 5 5 2.671292284482513
pt 2 4 1 0 3 6 3 0 1 3 2 3 6 5 0 3 2 3.0 2.0
ll 2 4 1 0 3 6 3 0 1 3 2 3 6 5 0 1 4 5 1 1 0 0 2 3 0 1.0 0.0
ap 2 5 2 1 0 1 4 3 4 0.8944271909999157
as 2 5 2 1 0 1 4 3 4 0.8944271909999157
pt 3 2 3 0 5 0 3 4 6 3 3 2 1 3 1 5 0 0 1 2 0 2 0.3846153846153846 1.923076923076923
ll 3 2 3 0 5 0 3 4 6 3 3 2 1 3 1 5 0 0 1 2 1 2 6 2 3 3 3.0 3.0
ap 3 3 3 0 2 0 6 0 3 5 2 1.1858541225631423
as 3 3 3 0 2 0 6 0 3 5 2 1.1858541225631423
pt 2 2 4 5 5 6 3 5 3 2 5 2 4 4 7 5.0 6.0
ll 2 2 4 5 5 6 3 5 3 2 5 2 4 2 2 3 1 0 4 2 4 1 1 2 2.0 4.0
ap 3 0 5 5 3 4 0 1 3 5 2 6.3581733179555435
as 3 0 5 5 3 4 0 1 3 5 2 6.3581733179555435
pt 3 2 0 5 5 6 2 4 3 0 5 3 6 1 0 3 0 6 3 0 3.5999999999999996 1.8
ll 3 2 0 5 5 6 2 4 3 0 5 3 6 1 0 3 0 6 1 2 4 4 0 5 0.0 5.0
ap 4 5 1 5 4 0 2 4 2 3 2 4 3 11.385164807134505
as 4 5 1 5 4 0 2 4 2 3 2 4 3 11.385164807134505
pt 3 3 0 5 5 6 4 6 2 2 4 1 5 3 0 3 3 1 2 1 1 0 2.0 1.0
ll 3 3 0 5 5 6 4 6 2 2 4 1 5 3 0 3 3 1 2 1 2 4 4 6 1 2 2 1 5 3 3 5 2 1 1 1 4 3.823529411764706 5.764705882352941
ap 3 4 0 1 1 0 5 0 6 1 2 7.28538328578604
as 3 4 0 1 1 0 5 0 6 1 2 7.28538328578604
pt 1 2 0 6 3 6 5 7 3.0 6.0
ll 1 2 0 6 3 6 1 2 4 4 2 1 3.0 6.0
ap 3 0 0 3 4 3 5 0 6 4 2 4.2857142857142865
as 3 0 0 3 4 3 5 0 6 4 2 4.2857142857142865
pt 3 4 6 6 6 1 0 5 0 5 4 2 5 3 5 5 5 6 3 3 1 5 0 4 4 1 0 6 0.0 5.0
ll 3 4 6 6 6 1 0 5 0 5 4 2 5 3 5 5 5 6 3 3 1 5 0 4 4 1 1 4 6 3 4 5 6 6 4 5 6.0 3.0
ap 3 6 6 4 6 6 0 3 1 4 0 7.692099788303084
as 3 6 6 4 6 6 0 3 1 4 0 7.692099788303084
pt 3 4 1 2 4 4 3 0 4 0 4 3 2 2 2 3 1 6 6 3 6 4 3 0 6 6 3 0 3.0 0.0
ll 3 4 1 2 4 4 3 0 4 0 4 3 2 2 2 3 1 6 6 3 6 4 3 0 6 6 3 2 4 3 6 5 2 4 6 1 1 3 2 4 3 4 6 1 4.5 3.5
ap 2 1 4 2 4 1 3 3 3 0.0
as 2 1 4 2 4 1 3 3 3 0.0
pt 3 3 0 4 1 1 6 1 3 3 0 1 1 3 3 3 6 0 6 1 5 1 2 7 0.0 4.0
ll 3 3 0 4 1 1 6 1 3 3 0 1 1 3 3 3 6 0 6 1 5 1 1 2 6 3 4 3 3.0 3.0
ap 4 2 5 4 5 2 6 3 5 3 3 6 2 1.0
as 4 2 5 4 5 2 6 3 5 3 3 6 2 1.0
pt 2 3 4 3 5 6 2 2 2 0 6 2 2 3 2 2.36 2.48
ll 2 3 4 3 5 6 2 2 2 0 6 2 2 1 4 0 0 6 5 5 2 1 1 4.153846153846154 3.4615384615384617
ap 2 3 3 0 3 0 3 2 2 3.0
as 2 3 3 0 3 0 3 2 2 3.0
pt 3 2 1 2 4 6 4 0 3 6 2 6 6 4 1 4 6 6 5 0 1 6 5 0 2 2 2.1081081081081083 2.6486486486486487
ll 3 2 1 2 4 6 4 0 3 6 2 6 6 4 1 4 6 6 5 0 1 6 5 0 2 3 2 4 2 6 5 5 4 2 5 5 3 5 3 5 0 3.6 5.466666666666667
ap 3 2 1 3 1 4 6 5 6 2 1 0.0
as 3 2 1 3 1 4 6 5 6 2 1 0.0
pt 1 3 3 0 5 5 5 2 4 6 5.0 5.0
ll 1 3 3 0 5 5 5 2 2 4 6 2 1 2 5 0 3 2 2 5 3 3 4 3.8 2.0
ap 3 3 6 2 0 5 6 2 3 6 3 3.0413812651491097
as 3 3 6 2 0 5 6 2 3 6 3 3.0413812651491097
pt 3 3 0 5 4 3 0 0 4 4 6 5 5 4 2 3 4 4 3 0 3 0 3 4 5 4 1 -1 0.16000000000000014 0.1200000000000001
ll 3 3 0 5 4 3 0 0 4 4 6 5 5 4 2 3 4 4 3 0 3 0 3 4 5 4 3 4 0 4 5 5 0 5 0 6 4 6 0 4 0 5 4 1 0 3 6 3 4 5 2 5 1.4285714285714286 4.285714285714286
ap 2 3 2 1 3 2 5 0 5 2.23606797749979
as 2 3 2 1 3 2 5 0 5 2.23606797749979
pt 3 4 0 0 2 0 3 2 0 1 3 3 2 5 0 0 5 4 3 3 2 4 6 2 0 0 6 3 5.6 2.2
ll 3 4 0 0 2 0 3 2 0 1 3 3 2 5 0 0 5 4 3 3 2 4 6 2 0 0 1 3 4 2 4 0 5 3 4.0 1.0
ap 4 5 1 3 6 4 3 4 5 5 3 5 2 0.9284766908852596
as 4 5 1 3 6 4 3 4 5 5 3 5 2 0.9284766908852596
pt 3 4 3 5 4 5 3 3 3 5 4 3 3 6 0 0 4 5 4 3 0 0 2 6 5 1 0 0 0.0 0.0
ll 3 4 3 5 4 5 3 3 3 5 4 3 3 6 0 0 4 5 4 3 0 0 2 6 5 1 1 2 5 2 4 1 4.5 1.5
ap 4 2 6 1 3 1 6 4 4 5 1 5 2 9.76782893563237
as 4 2 6 1 3 1 6 4 4 5 1 5 2 9.76782893563237
pt 3 3 6 1 0 0 4 2 3 4 6 1 6 3 6 3 0 4 6 5 1 3 -1 1 0.0 0.0
ll 3 3 6 1 0 0 4 2 3 4 6 1 6 3 6 3 0 4 6 5 1 3 3 2 3 1 1 4 4 1 4 4 5 1 0 6 2 4 3 5 1 3 1 5 4 0 2.75 1.375
ap 3 3 2 4 2 5 0 0 6 4 1 0.20000000000000018
as 3 3 2 4 2 5 0 0 6 4 1 0.20000000000000018
pt 3 2 6 0 4 6 2 6 4 2 3 3 3 2 5 3 5 2 3 2 3.0 2.0
ll 3 2 6 0 4 6 2 6 4 2 3 3 3 2 5 3 5 2 3 3 3 0 3 5 5 6 2 4 2 5 2 4 1 6 4 4 2 5 3 1 4.142857142857143 5.571428571428571
ap 3 1 5 5 2 3 2 2 4 4 1 6.666666666666666
as 3 1 5 5 2 3 2 2 4 4 1 6.666666666666666
pt 3 3 5 1 0 4 3 2 4 2 6 6 5 2 2 6 5 3 5 3 0 4 3 3 -1 0 2.0 2.0
ll 3 3 5 1 0 4 3 2 4 2 6 6 5 2 2 6 5 3 5 3 0 4 3 3 3 4 3 6 4 2 1 4 4 2 4 6 4 4 0 3 2 2 4 4 4 6 4 5 6 0 1 0 3.066666666666667 5.733333333333333
ap 3 2 2 2 3 2 1 2 1 4 1 3.0
as 3 2 2 2 3 2 1 2 1 4 1 3.0
pt 2 3 1 2 3 6 6 5 4 0 2 4 2 4 6 5 4 3 6 3.0 6.0
ll 2 3 1 2 3 6 6 5 4 0 2 4 2 4 6 5 4 1 2 4 2 0 0 4.0 2.0
ap 3 4 3 5 6 1 5 1 4 2 4 7.28538328578604
as 3 4 3 5 6 1 5 1 4 2 4 7.28538328578604
pt 2 2 4 6 3 3 3 1 4 3 4 5 0 1 5 1.0 4.0
ll 2 2 4 6 3 3 3 1 4 3 4 5 0 1 4 0 1 0 6 5 3 5 3 3.3333333333333335 4.0
ap 2 4 4 2 0 0 4 2 1 3.577708763999664
as 2 4 4 2 0 0 4 2 1 3.577708763999664
pt 1 3 4 4 2 1 3 6 3 5 2.8076923076923075 5.038461538461538
ll 1 3 4 4 2 1 3 6 1 3 1 4 4 6 5 1 2.8461538461538463 5.230769230769231
ap 2 4 5 5 4 3 6 2 3 0.0
as 2 4 5 5 4 3 6 2 3 0.0
pt 1 4 1 1 2 6 6 4 4 0 0 5 1.7307692307692308 4.653846153846153
ll 1 4 1 1 2 6 6 4 4 0 3 2 3 4 6 3 4 5 3 1 4 5 6 6 1 3 1 4 0 6 6 1 5.571428571428571 3.142857142857143
ap 4 3 2 0 4 0 1 2 2 2 1 3 2 0.0
as 4 3 2 0 4 0 1 2 2 2 1 3 2 0.0
pt 2 2 2 1 3 3 2 4 5 5 5 6 7 5.0 5.0
ll 2 2 2 1 3 3 2 4 5 5 5 2 4 3 0 4 6 1 4 0 0 2 4 3 5 2 4.0 5.0
ap 2 6 4 4 6 6 0 2 1 0.0
as 2 6 4 4 6 6 0 2 1 0.0
pt 3 4 6 2 5 1 4 5 5 0 2 4 1 5 0 2 4 5 5 6 5 7 5.0 6.0
ll 3 4 6 2 5 1 4 5 5 0 2 4 1 5 0 2 4 5 5 6 3 2 1 1 2 5 4 3 0 5 3 4 1 2 2 2 4 6 5 1 4.636363636363637 2.4545454545454546
ap 3 6 2 5 3 0 2 2 1 6 6 3.11388673357069
as 3 6 2 5 3 0 2 2 1 6 6 3.11388673357069
pt 1 3 6 2 3 2 2 6 1 3 2.6470588235294117 3.4117647058823533
ll 1 3 6 2 3 2 2 6 1 4 0 1 6 5 0 3 2 0 2.7857142857142856 2.857142857142857
ap 3 5 5 1 1 3 2 1 4 5 5 0.0
as 3 5 5 1 1 3 2 1 4 5 5 0.0
pt 2 3 1 4 3 6 5 5 3 5 3 5 5 4 4 5 4 5.0 4.0
ll 2 3 1 4 3 6 5 5 3 5 3 5 5 4 4 2 3 4 2 5 0 3 1 2 1 2 4 5 4.2 5.4
ap 2 1 2 6 6 0 2 1 0 0.0
as 2 1 2 6 6 0 2 1 0 0.0
pt 1 3 3 5 1 2 6 3 5 5 3.0 5.0
ll 1 3 3 5 1 2 6 3 2 3 4 2 1 3 2 5 2 2 1 3 1 1.5454545454545454 2.8181818181818183
ap 4 0 6 1 6 0 1 2 1 1 4 4 0 2.9611613513818407
as 4 0 6 1 6 0 1 2 1 1 4 4 0 2.9611613513818407
pt 2 3 2 6 6 3 3 6 3 0 5 1 1 4 4 5 6 4.0 5.0
ll 2 3 2 6 6 3 3 6 3 0 5 1 1 4 4 1 2 2 0 2 1 1.5 1.5
ap 2 2 1 5 4 0 2 4 2 1.414213562373095
as 2 2 1 5 4 0 2 4 2 1.414213562373095
pt 1 3 1 0 5 3 3 3 -1 7 3.0 3.0
ll 1 3 1 0 5 3 3 3 2 3 1 1 3 5 5 5 3 2 5 0 5 2 5 1.48 0.36
ap 3 2 3 4 6 3 3 4 1 2 6 1.3520817282989959
as 3 2 3 4 6 3 3 4 1 2 6 1.3520817282989959
pt 1 4 1 1 5 6 5 4 5 2 4 1 5.0 2.0
ll 1 4 1 1 5 6 5 4 5 2 2 2 5 0 6 5 2 3 1 4 6 3.6666666666666665 4.333333333333333
ap 3 4 4 6 1 2 3 2 0 5 0 4.052764870963947
as 3 4 4 6 1 2 3 2 0 5 0 4.052764870963947
pt 2 4 1 5 0 6 0 3 1 2 4 5 4 1 6 4 0 1 4 -1 -1 1.0 2.0
ll 2 4 1 5 0 6 0 3 1 2 4 5 4 1 6 4 0 1 4 3 4 3 6 5 6 5 2 3 5 2 5 5 4 1 3 4 3 1 1 5 2 5.0 4.0
ap 2 2 0 4 2 4 1 6 1 2.121320343559643
as 2 2 0 4 2 4 1 6 1 2.121320343559643
pt 3 4 6 6 5 6 2 1 5 1 2 0 5 1 4 2 2 1 5 1 5 0 5.0 1.0
ll 3 4 6 6 5 6 2 1 5 1 2 0 5 1 4 2 2 1 5 1 2 3 2 1 1 1 5 1 3 1 6 3 0 6 2 2.0 1.0
ap 4 1 2 2 0 2 5 2 3 4 1 5 0 3.23606797749979
as 4 1 2 2 0 2 5 2 3 4 1 5 0 3.23606797749979
pt 3 2 4 4 6 6 3 1 6 1 4 1 0 4 6 1 3 4 0 2 5 3 5 6 5.5 5.5
ll 3 2 4 4 6 6 3 1 6 1 4 1 0 4 6 1 3 4 0 2 5 3 3 2 4 1 1 1 4 1 6 6 3 3 3 3 2 3 3 6 3 0 2 3 1.0 1.0
ap 2 0 2 3 6 6 1 4 4 4.0
as 2 0 2 3 6 6 1 4 4 4.0
pt 3 4 4 6 0 0 0 6 1 3 3 6 6 0 5 1 4 4 2 4 0 1 3 4 2 5 3 5 3.230769230769231 4.846153846153846
ll 3 4 4 6 0 0 0 6 1 3 3 6 6 0 5 1 4 4 2 4 0 1 3 4 2 5 3 3 0 5 6 0 6 1 3 2 0 2 1 1 2 2 1 3 4 1 2.142857142857143 3.2142857142857144
ap 2 3 6 2 6 2 4 1 0 1.0
as 2 3 6 2 6 2 4 1 0 1.0
pt 1 4 5 0 2 5 2 5 5 2 6 7 3.0 4.0
ll 1 4 5 0 2 5 2 5 5 2 1 3 0 5 1 3 3 6 2.1578947368421053 4.7368421052631575
ap 3 6 3 0 2 0 4 0 3 5 5 7.082762530298219
as 3 6 3 0 2 0 4 0 3 5 5 7.082762530298219
pt 3 3 1 4 6 3 4 6 3 6 4 6 3 6 0 2 3 5 3 3 3 -1 6.0 0.0
ll 3 3 1 4 6 3 4 6 3 6 4 6 3 6 0 2 3 5 3 3 2 4 3 5 6 0 6 0 0 4 3 6 2 3 5 2 5 3.9545454545454546 3.409090909090909
ap 2 4 2 3 1 2 0 2 1 1.4142135623730951
as 2 4 2 3 1 2 0 2 1 1.4142135623730951
pt 3 3 0 3 4 1 1 6 2 0 2 0 1 3 1 4 3 0 4 0 1 -1 0.0 1.0
ll 3 3 0 3 4 1 1 6 2 0 2 0 1 3 1 4 3 0 4 0 3 2 4 3 2 6 3 6 3 1 5 2 2 3 4 2 1 1 3 2 1.7894736842105263 4.684210526315789
ap 4 3 1 2 0 0 6 3 5 1 2 6 5 3.6980807613835918
as 4 3 1 2 0 0 6 3 5 1 2 6 5 3.6980807613835918
pt 3 2 3 2 5 6 3 4 2 1 5 6 4 4 3 6 6 6 2 1 1 4 5 3 4.146341463414634 3.6829268292682924
ll 3 2 3 2 5 6 3 4 2 1 5 6 4 4 3 6 6 6 2 1 1 4 2 2 6 4 5 0 4 0 4 0 3 3 5 2 0 6.0 4.0
ap 3 2 0 6 1 6 5 2 6 0 1 0.0
as 3 2 0 6 1 6 5 2 6 0 1 0.0
pt 1 4 5 5 1 0 1 3 2 2 0 7 1.0 3.0
ll 1 4 5 5 1 0 1 3 2 2 1 3 2 4 4 2 1 6 3.2222222222222223 2.7777777777777777
ap 2 1 1 3 1 6 3 5 3 2.0
as 2 1 1 3 1 6 3 5 3 2.0
pt 1 3 4 2 1 3 3 2 5 -1 4.0 2.0
ll 1 3 4 2 1 3 3 2 3 4 5 2 4 6 1 6 0 5 2 5 6 3 4 3 4 1 6 1 3 5 4.0 2.0
ap 2 6 3 2 4 4 2 1 0 1.6977493752543302
as 2 6 3 2 4 4 2 1 0 1.6977493752543302
pt 3 4 0 2 0 1 0 6 2 3 4 3 1 6 0 5 1 3 4 4 5 0 2 5 6 5 1 6 -1 5 0.0 5.0
ll 3 4 0 2 0 1 0 6 2 3 4 3 1 6 0 5 1 3 4 4 5 0 2 5 6 5 1 6 1 2 3 3 3 2 3.1470588235294117 3.088235294117647
ap 4 4 2 0 5 2 4 1 5 4 3 3 5 0.5999999999999999
as 4 4 2 0 5 2 4 1 5 4 3 3 5 0.5999999999999999
pt 1 2 3 3 6 3 -1 4 3.0 3.0
ll 1 2 3 3 6 3 2 3 6 3 0 4 5 4 4 4 2 1 2 1 3 5 3 6.0 3.0
ap 2 5 0 5 4 0 0 5 3 3.0
as 2 5 0 5 4 0 0 5 3 3.0
pt 3 4 4 0 2 4 4 1 2 5 2 3 4 6 2 4 0 5 0 1 1 3 0 4 -1 7 0.0 5.0
ll 3 4 4 0 2 4 4 1 2 5 2 3 4 6 2 4 0 5 0 1 1 3 0 4 1 2 2 5 3 5 2.0 5.0
ap 2 4 1 2 2 1 6 5 2 0.0
as 2 4 1 2 2 1 6 5 2 0.0
pt 3 3 0 4 3 5 5 6 3 1 2 3 3 6 1 3 1 0 4 2 1 2 5 0 5.769230769230769 1.1538461538461537
ll 3 3 0 4 3 5 5 6 3 1 2 3 3 6 1 3 1 0 4 2 1 2 2 2 0 1 2 6 4 1 2 3 6 5 5 4 2 1.3846153846153846 4.461538461538462
ap 2 3 4 3 6 0 3 3 3 0.0
as 2 3 4 3 6 0 3 3 3 0.0
pt 1 2 3 2 1 0 1 3 2.5 1.5
ll 1 2 3 2 1 0 1 2 3 1 4 1 2.5 1.5
ap 2 0 2 1 2 3 1 2 3 1.0
as 2 0 2 1 2 3 1 2 3 1.0
pt 3 3 0 1 2 2 3 1 2 0 0 2 2 3 0 2 3 0 2 0 3 1 3.0 1.0
ll 3 3 0 1 2 2 3 1 2 0 0 2 2 3 0 2 3 0 2 0 3 3 2 3 2 2 3 1 3 3 0 0 3 2 1 2 3 3 2 2 2.0 2.0
ap 3 2 1 1 0 3 1 1 0 2 2 1.4142135623730951
as 3 2 1 1 0 3 1 1 0 2 2 1.4142135623730951
pt 2 3 3 0 3 1 0 1 2 2 3 0 3 4 3 2.0 3.0
ll 2 3 3 0 3 1 0 1 2 2 3 0 3 1 3 1 1 2 1 0 3 1.0 1.0
ap 2 3 1 1 0 3 0 3 3 0.0
as 2 3 1 1 0 3 0 3 3 0.0
pt 3 3 0 0 2 2 1 0 3 3 1 2 1 1 1 2 3 3 1 0 3 0 3.0 1.0
ll 3 3 0 0 2 2 1 0 3 3 1 2 1 1 1 2 3 3 1 0 3 3 0 2 2 1 1 2 3 0 2 2 3 0 2 2 2 0 3 2 1.3333333333333333 1.3333333333333333
ap 2 1 0 2 2 2 3 1 3 2.23606797749979
as 2 1 0 2 2 2 3 1 3 2.23606797749979
pt 3 3 2 1 1 2 2 1 3 3 0 2 2 2 0 3 1 3 0 3 0 0 4 1 2.8 0.4
ll 3 3 2 1 1 2 2 1 3 3 0 2 2 2 0 3 1 3 0 3 0 0 1 2 0 3 3 1 2.25 1.5
ap 3 2 0 0 1 3 0 1 1 2 3 3.184751275550304
as 3 2 0 0 1 3 0 1 1 2 3 3.184751275550304
pt 1 3 2 1 2 2 2 3 3 3 2.0 3.0
ll 1 3 2 1 2 2 2 3 1 3 3 2 0 0 0 1 2.0 1.3333333333333333
ap 2 2 3 0 2 0 2 0 1 2.23606797749979
as 2 2 3 0 2 0 2 0 1 2.23606797749979
pt 3 2 2 1 2 2 2 1 0 0 3 3 3 2 1 3 0 2 4 0 2.0 1.0
ll 3 2 2 1 2 2 2 1 0 0 3 3 3 2 1 3 0 2 1 3 3 1 0 2 0 3 2.0 1.3333333333333333
ap 3 2 3 0 3 2 2 2 2 0 0 4.23606797749979
as 3 2 3 0 3 2 2 2 2 0 0 4.23606797749979
pt 1 3 0 0 3 0 3 1 1 1 1.0 0.0
ll 1 3 0 0 3 0 3 1 3 3 2 2 0 3 3 2 2 3 0 1 2 2 2 2 1 3 3.0 0.0
ap 2 3 1 0 0 0 3 1 3 1.264911064067352
as 2 3 1 0 0 0 3 1 3 1.264911064067352
pt 2 3 1 2 3 3 2 1 3 1 2 3 1 1 1 1 4 1.8 2.4
ll 2 3 1 2 3 3 2 1 3 1 2 3 1 1 1 3 2 0 1 1 1 3 1 1 3 3 3 1 3 1 3 1 2 3 3 1.0 1.0
ap 3 3 0 2 0 0 0 2 2 2 1 1.0
as 3 3 0 2 0 0 0 2 2 2 1 1.0
pt 3 3 0 2 3 2 1 2 3 0 1 1 0 2 1 3 3 3 1 1 2 3 1 3 1.8 2.6
ll 3 3 0 2 3 2 1 2 3 0 1 1 0 2 1 3 3 3 1 1 2 3 2 3 1 2 0 0 3 2 3 0 3 0 0 2 2 1.0 2.0
ap 2 0 0 2 2 1 1 1 2 1.4142135623730951
as 2 0 0 2 2 1 1 1 2 1.4142135623730951
pt 2 2 2 0 3 0 3 1 1 1 3 0 1 2 1 2.0 0.0
ll 2 2 2 0 3 0 3 1 1 1 3 0 1 2 3 0 2 0 3 3 2 2 0 0 1 0 1.0 2.6666666666666665
ap 2 2 3 2 2 1 0 3 3 1.0
as 2 2 3 2 2 1 0 3 3 1.0
pt 1 2 3 2 3 1 0 1 3.0 1.0
ll 1 2 3 2 3 1 3 2 1 0 1 3 3 1 1 3 1 2 2 2 3 0 1 0 3.0 1.0
ap 3 3 2 1 2 0 0 0 2 2 2 1.0
as 3 3 2 1 2 0 0 0 2 2 2 2.0
pt 2 2 3 1 1 0 3 1 3 1 3 1 2 3 3 3.0 1.0
ll 2 2 3 1 1 0 3 1 3 1 3 1 2 2 2 3 0 0 0 3 1 0 3 0 0 1 1.0 0.0
ap 3 1 2 0 3 0 2 1 3 3 3 0.7071067811865476
as 3 1 2 0 3 0 2 1 3 3 3 0.7071067811865476
pt 2 2 0 0 1 0 3 2 1 0 0 2 0 4 0 2.0 0.0
ll 2 2 0 0 1 0 3 2 1 0 0 2 0 2 2 0 3 1 2 3 2 1 1 3 1 1 2.0 1.0
ap 2 2 3 2 2 2 3 3 1 0.0
as 2 2 3 2 2 2 3 3 1 0.0
pt 1 3 3 1 3 3 2 2 3 3 3.0 3.0
ll 1 3 3 1 3 3 2 2 2 3 0 2 1 0 0 2 3 1 3 1 1 1 2 2.0 2.0
ap 3 0 2 3 1 3 3 3 0 1 0 3.1622776601683795
as 3 0 2 3 1 3 3 3 0 1 0 3.1622776601683795
pt 2 3 2 0 3 1 1 3 3 2 2 2 3 1 1 4 -1 2.5 0.5
ll 2 3 2 0 3 1 1 3 3 2 2 2 3 1 1 2 3 0 0 3 0 3 2 3 1 0 3 0 3 0 2.0 0.0
ap 3 2 0 2 3 0 3 0 3 2 3 3.0
as 3 2 0 2 3 0 3 0 3 2 3 3.0
pt 1 3 2 1 2 1 2 3 1 3 2.0 3.0
ll 1 3 2 1 2 1 2 3 2 2 1 3 2 3 2 0 3 1 3 2.0 3.0
ap 3 0 3 0 1 0 3 0 2 2 3 1.0
as 3 0 3 0 1 0 3 0 2 2 3 1.0
pt 2 3 2 0 2 3 1 2 3 3 3 3 1 3 0 0 1 1.0 2.0
ll 2 3 2 0 2 3 1 2 3 3 3 3 1 3 0 3 3 1 3 1 3 2 1 3 2 0 1 1 0 0 3 2 1 1 2 0 3 2.0 1.0
ap 2 1 0 2 3 0 1 1 3 2.846049894151542
as 2 1 0 2 3 0 1 1 3 2.846049894151542
pt 2 3 2 2 2 0 2 3 2 3 2 2 1 1 0 2.0 0.0
ll 2 3 2 2 2 0 2 3 2 3 2 2 1 3 2 2 0 3 1 2 1 3 1 0 2 0 1 0 3 2.0 0.0
ap 3 2 1 1 0 1 2 2 1 1 0 0.0
as 3 2 1 1 0 1 2 2 1 1 0 0.0
pt 3 2 2 2 3 2 2 1 0 3 1 2 0 0 2 2 4 4 3.0 2.0
ll 3 2 2 2 3 2 2 1 0 3 1 2 0 0 2 2 2 2 3 3 1 1 3 0 0 2 0 3 3 2.0 2.0
ap 3 0 2 0 3 3 2 1 2 3 1 2.264911064067352
as 3 0 2 0 3 3 2 1 2 3 1 2.264911064067352
pt 3 3 0 3 1 2 2 0 3 1 1 1 1 1 3 3 0 3 0 0 2 2 4 -1 2.0 0.0
ll 3 3 0 3 1 2 2 0 3 1 1 1 1 1 3 3 0 3 0 0 2 2 3 3 0 1 3 0 1 3 3 1 2 3 1 2 3 3 2 0 0 0 0 2 1.8 0.4
ap 3 0 0 2 0 3 2 2 2 1 3 3.788854381999832
as 3 0 0 2 0 3 2 2 2 1 3 3.788854381999832
pt 3 2 2 2 2 3 3 1 3 0 2 1 1 3 3 1 3 0 0 3 4 3 2.0 3.0
ll 3 2 2 2 2 3 3 1 3 0 2 1 1 3 3 1 3 0 0 3 3 3 3 0 2 2 3 2 3 2 3 1 0 2 1 2 0 2 0 3 2.0 2.0
ap 3 2 1 1 3 2 2 3 1 0 1 0.0
as 3 2 1 1 3 2 2 3 1 0 1 0.0
pt 3 2 3 3 3 0 3 2 1 0 2 0 1 2 0 3 1 0 2 4 3.0 3.0
ll 3 2 3 3 3 0 3 2 1 0 2 0 1 2 0 3 1 0 2 3 1 1 0 0 2 0 2 1 0 0 1 0.75 0.75
ap 2 2 3 0 3 3 1 3 0 0.0
as 2 2 3 0 3 3 1 3 0 0.0
pt 1 3 1 2 1 3 0 1 2 4 1.0 3.0
ll 1 3 1 2 1 3 0 1 1 2 3 1 1 3 1.0 3.0
ap 3 3 2 2 3 1 0 3 0 3 2 0.0
as 3 3 2 2 3 1 0 3 0 3 2 0.0
pt 1 3 2 1 2 1 0 2 1 1 1.2 1.4
ll 1 3 2 1 2 1 0 2 2 2 1 3 2 1 3 2 2 2 1 2 2 2.0 1.0
ap 3 2 2 2 1 2 3 3 3 1 1 0.0
as 3 2 2 2 1 2 3 3 3 1 1 0.0
pt 1 3 2 3 2 0 3 3 3 0 2.1 0.30000000000000004
ll 1 3 2 3 2 0 3 3 3 2 3 1 1 0 2 2 0 1 0 3 2 3 0 2 2 2 2.0 0.5
ap 3 3 0 3 2 0 3 0 3 3 2 2.0
as 3 3 0 3 2 0 3 0 3 3 2 2.0
pt 1 3 2 2 2 2 1 1 0 1 1.0 1.0
ll 1 3 2 2 2 2 1 1 2 3 0 1 2 1 3 2 3 2 0 1 0 2 3 1.0 1.0
ap 2 2 2 2 1 2 3 1 2 0.0
as 2 2 2 2 1 2 3 1 2 0.0
pt 3 3 0 0 0 2 2 2 2 0 1 1 1 2 1 3 0 2 0 1 0.0 1.0
ll 3 3 0 0 0 2 2 2 2 0 1 1 1 2 1 3 0 2 1 2 1 3 2 1 1.5 2.0
ap 3 3 0 2 3 2 0 3 1 0 1 1.05409255338946
as 3 3 0 2 3 2 0 3 1 0 1 1.05409255338946
pt 1 3 3 1 1 1 1 2 4 1 3.0 1.0
ll 1 3 3 1 1 1 1 2 1 2 1 1 0 2 1.0 1.0
ap 2 0 2 2 0 3 2 0 0 1.697056274847714
as 2 0 2 2 0 3 2 0 0 1.697056274847714
pt 2 3 2 0 1 3 1 0 2 1 1 0 1 -1 4 1.0 3.0
ll 2 3 2 0 1 3 1 0 2 1 1 0 1 1 3 0 3 2 0 1 3 2.0 0.0
ap 2 3 1 0 1 3 2 0 1 3.0
as 2 3 1 0 1 3 2 0 1 3.0
pt 1 2 3 1 2 3 1 2 2.2 2.6
ll 1 2 3 1 2 3 1 2 0 3 3 2 2.4 2.2
ap 3 2 2 3 1 3 1 3 1 0 0 1.4142135623730951
as 3 2 2 3 1 3 1 3 1 0 0 1.4142135623730951
pt 1 2 0 1 3 0 3 4 1.7999999999999998 0.4
ll 1 2 0 1 3 0 1 3 1 0 0 2 1 0 0.6 0.8
ap 2 0 2 3 1 3 3 0 3 0.0
as 2 0 2 3 1 3 3 0 3 0.0
pt 1 2 1 1 0 3 2 4 0.0 3.0
ll 1 2 1 1 0 3 3 3 3 2 3 2 0 2 3 1 3 3 0 1 3 3 0 3 1 1 0 1 0.5 2.0
ap 2 0 3 1 3 0 2 2 2 0.0
as 2 0 3 1 3 0 2 2 2 0.0
pt 2 2 3 0 1 1 2 0 2 3 2 1 3 1.0 2.0
ll 2 2 3 0 1 1 2 0 2 3 2 2 3 2 3 0 1 1 2 2 2 1 3 1 1.0 2.0
ap 3 2 1 2 2 1 0 3 3 1 3 1.0
as 3 2 1 2 2 1 0 3 3 1 3 1.0
pt 1 3 1 1 0 1 1 2 1 4 1.0 2.0
ll 1 3 1 1 0 1 1 2 1 3 2 3 2 0 1 2 1.0 2.0
ap 2 1 2 0 0 1 1 3 2 0.894427190999916
as 2 1 2 0 0 1 1 3 2 0.894427190999916
pt 2 2 2 1 2 2 2 1 0 0 3 4 -1 2.0 1.0
ll 2 2 2 1 2 2 2 1 0 0 3 1 3 1 3 0 3 3 2 0.0 3.0
ap 3 1 3 1 3 0 1 3 0 1 0 2.23606797749979
as 3 1 3 1 3 0 1 3 0 1 0 2.23606797749979
pt 3 2 1 2 2 3 3 0 1 3 1 1 0 3 2 0 3 3 1 1 4 -1 3.0 1.0
ll 3 2 1 2 2 3 3 0 1 3 1 1 0 3 2 0 3 3 1 1 3 3 2 2 2 3 1 3 3 3 3 0 2 2 1 2 1 0 0 0 2.0 3.0
ap 2 3 1 1 1 0 1 2 0 2.0
as 2 3 1 1 1 0 1 2 0 2.0
pt 2 2 0 2 1 1 3 0 1 2 0 3 3 3 4 3.0 3.0
ll 2 2 0 2 1 1 3 0 1 2 0 3 3 1 3 1 1 1 1 3 0 1.0 1.0
ap 3 3 2 0 1 0 2 2 0 1 2 1.8070158058105026
as 3 3 2 0 1 0 2 2 0 1 2 1.8070158058105026
pt 1 3 1 2 1 1 2 0 3 -1 2.0 0.0
ll 1 3 1 2 1 1 2 0 3 3 2 3 3 2 1 1 3 0 0 3 2 2 1 2 3 3 0 2 1.0 1.0
ap 2 3 3 2 0 1 3 1 0 3.1622776601683795
as 2 3 3 2 0 1 3 1 0 3.1622776601683795
pt 1 2 2 2 2 3 0 2 2.0 2.0
ll 1 2 2 2 2 3 2 3 2 0 0 1 3 2 2 1 2 2 1 2.0 2.0
ap 3 0 3 0 3 2 3 3 0 1 2 1.0
as 3 0 3 0 3 2 3 3 0 1 2 1.0
pt 1 3 2 3 3 3 2 1 4 4 3.0 3.0
ll 1 3 2 3 3 3 2 1 2 2 1 0 2 0 2 1 1 0 2 2.0 1.0
ap 3 2 3 2 0 2 2 1 3 2 1 2.0
as 3 2 3 2 0 2 2 1 3 2 1 2.0
pt 2 3 2 0 3 3 1 2 2 0 1 0 2 1 4 1.8 2.4
ll 2 3 2 0 3 3 1 2 2 0 1 0 2 2 2 3 1 0 1 2 2 0 3 1 2.3333333333333335 1.0
ap 3 2 0 0 2 2 0 0 1 0 3 2.8284271247461903
as 3 2 0 0 2 2 0 0 1 0 3 2.8284271247461903
pt 2 3 3 0 0 1 1 2 3 1 1 3 2 2 3 1 3 1.0 2.0
ll 2 3 3 0 0 1 1 2 3 1 1 3 2 2 3 3 3 1 1 1 0 1 3 2 2 1 2 0 2 3 0 1 2 1.0 0.6666666666666666
ap 3 0 2 0 2 1 0 2 2 2 3 0.894427190999916
as 3 0 2 0 2 1 0 2 2 2 3 0.894427190999916
pt 3 3 1 0 1 0 2 2 2 2 1 0 2 3 2 0 1 0 0 1 1 -1 1.0 0.0
ll 3 3 1 0 1 0 2 2 2 2 1 0 2 3 2 0 1 0 0 1 1 2 1 2 2 1 1.6666666666666667 1.3333333333333333
ap 3 2 2 2 1 3 2 0 0 0 1 1.0
as 3 2 2 2 1 3 2 0 0 0 1 1.0
pt 2 2 3 1 1 0 2 0 0 0 2 2 -1 1.4 0.19999999999999996
ll 2 2 3 1 1 0 2 0 0 0 2 3 2 3 1 1 1 3 1 3 2 3 1 3 2 0 3 3 0 3.0 1.0
ap 3 0 2 0 0 0 1 3 3 2 3 0.0
as 3 0 2 0 0 0 1 3 3 2 3 0.0
pt 2 2 0 0 2 0 3 2 1 2 2 2 3 -1 -1 0.0 0.0
ll 2 2 0 0 2 0 3 2 1 2 2 2 3 2 3 2 1 0 1 1 1 3 0 3 0 0 2 2 2.0 1.0
ap 2 3 1 0 1 3 1 0 2 0.0
as 2 3 1 0 1 3 1 0 2 0.0
pt 2 2 1 1 2 2 3 1 0 3 2 2 3 3 3 2.5 2.5
ll 2 2 1 1 2 2 3 1 0 3 2 2 3 1 2 2 0 1 2 1.3333333333333333 1.3333333333333333
ap 2 3 0 0 2 0 0 3 2 1.8027756377319946
as 2 3 0 0 2 0 0 3 2 1.8027756377319946
pt 2 2 2 1 2 2 2 1 3 2 3 3 -1 2.0 1.0
ll 2 2 2 1 2 2 2 1 3 2 3 1 2 0 1 3 0 2.0 1.0
ap 3 1 0 1 1 1 0 1 0 2 3 0.0
as 3 1 0 1 1 1 0 1 0 2 3 0.0
pt 3 2 1 2 2 3 2 0 0 1 0 3 2 3 3 3 3 1 3 0 3.0 1.0
ll 3 2 1 2 2 3 2 0 0 1 0 3 2 3 3 3 3 1 1 2 2 0 0 3 1.0 2.0
ap 2 1 2 2 2 0 1 0 3 0.0
as 2 1 2 2 2 0 1 0 3 0.0
pt 2 3 1 1 2 3 2 2 3 2 1 0 2 3 1 -1 0 1.0 1.0
ll 2 3 1 1 2 3 2 2 3 2 1 0 2 3 1 1 3 3 3 0 3 1 2 2.0 3.0
ap 3 2 3 2 2 2 3 2 0 3 1 1.0
as 3 2 3 2 2 2 3 2 0 3 1 1.0
pt 1 2 2 2 3 3 2 0 2.0 2.0
ll 1 2 2 2 3 3 1 3 3 3 1 3 1 2 3.0 3.0
ap 2 3 1 2 3 3 3 2 0 0.894427190999916
as 2 3 1 2 3 3 3 2 0 0.894427190999916
pt 1 3 1 3 3 2 2 1 -1 3 1.0 3.0
ll 1 3 1 3 3 2 2 1 3 3 1 2 0 0 2 3 2 3 2 3 0 3 3 3 3 3 2 0 1.75 2.625
ap 2 0 0 2 3 0 1 2 0 0.9013878188659973
as 2 0 0 2 3 0 1 2 0 0.9013878188659973
pt 3 3 3 0 2 2 1 1 2 3 1 2 3 3 1 3 0 3 2 0 -1 -1 1.0 1.0
ll 3 3 3 0 2 2 1 1 2 3 1 2 3 3 1 3 0 3 2 0 3 3 2 2 0 2 2 3 3 2 1 0 1 1 1 3 2 2 1 0 2 0 2.0 2.0
ap 2 0 2 3 3 2 3 1 3 2.2135943621178655
as 2 0 2 3 3 2 3 1 3 2.2135943621178655
pt 1 3 3 3 1 0 0 3 4 3 3.0 3.0
ll 1 3 3 3 1 0 0 3 1 2 1 2 0 3 0.0 3.0
ap 2 1 1 2 0 0 3 2 0 1.4142135623730951
as 2 1 1 2 0 0 3 2 0 1.4142135623730951
pt 1 3 2 1 3 2 3 0 4 4 3.0 2.0
ll 1 3 2 1 3 2 3 0 3 3 3 3 2 1 3 0 2 0 0 3 3 3 1 0 2 2 0 2 2.0 1.0
ap 2 2 3 0 1 0 1 1 3 2.8284271247461903
as 2 2 3 0 1 0 1 1 3 2.8284271247461903
pt 2 2 2 3 1 1 3 1 1 2 3 3 1 -1 1 1.0 1.0
ll 2 2 2 3 1 1 3 1 1 2 3 3 1 2 2 3 0 3 1 3 0 3 2 0 1 0 3.0 1.0
ap 3 0 1 2 0 1 2 2 0 3 1 2.23606797749979
as 3 0 1 2 0 1 2 2 0 3 1 2.23606797749979
pt 2 2 2 0 1 3 2 2 3 3 3 -1 -1 2.0 0.0
ll 2 2 2 0 1 3 2 2 3 3 3 3 2 0 2 2 0 2 3 1 0 1 3 2 3 0 1 1 3 2.0 0.0
ap 3 0 1 1 3 2 1 1 2 3 2 3.3541019662496847
as 3 0 1 1 3 2 1 1 2 3 2 3.3541019662496847
pt 3 3 2 3 1 0 2 0 3 2 1 1 3 3 3 2 3 3 1 2 -1 1 1.1 0.2999999999999998
ll 3 3 2 3 1 0 2 0 3 2 1 1 3 3 3 2 3 3 1 2 2 3 1 3 1 1 0 3 2 3 1 2 3 1.0 3.0
ap 3 0 3 0 2 3 2 3 0 1 0 4.0
as 3 0 3 0 2 3 2 3 0 1 0 4.0
pt 2 2 0 3 3 3 3 2 0 3 1 3 3 -1 2 0.0 3.0
ll 2 2 0 3 3 3 3 2 0 3 1 3 3 1 2 3 0 2 3 2.0 3.0
ap 3 0 2 2 3 0 3 2 3 3 2 2.23606797749979
as 3 0 2 2 3 0 3 2 3 3 2 2.23606797749979
pt 2 2 3 1 0 0 3 0 2 2 3 2 1 1 3 1.2 2.6
ll 2 2 3 1 0 0 3 0 2 2 3 2 1 1 2 2 0 0 1 1.2 0.4
ap 3 2 0 1 3 3 1 3 1 3 2 5.99070478491457
as 3 2 0 1 3 3 1 3 1 3 2 5.99070478491457
pt 2 2 2 0 1 3 2 2 3 1 0 2 4 2.0 3.0
ll 2 2 2 0 1 3 2 2 3 1 0 1 2 3 0 3 2 2.0 0.0
ap 3 0 0 0 2 2 2 0 3 0 0 0.0
as 3 0 0 0 2 2 2 0 3 0 0 0.0
pt 1 2 2 0 2 3 3 1 2.0 1.0
ll 1 2 2 0 2 3 2 2 2 1 3 1 2 1 1 2 1 2.0 1.0
ap 3 1 2 3 2 3 3 1 0 1 2 0.0
as 3 1 2 3 2 3 3 1 0 1 2 0.0
pt 3 3 3 3 3 0 3 3 3 2 1 2 0 0 3 2 0 3 2 0 -1 0 1.0769230769230769 1.3846153846153846
ll 3 3 3 3 3 0 3 3 3 2 1 2 0 0 3 2 0 3 2 0 2 3 3 2 3 0 2 3 3 1 0 3 1 2 3 3.0 2.0
ap 3 2 1 1 2 0 3 2 2 1 1 0.7071067811865476
as 3 2 1 1 2 0 3 2 2 1 1 0.7071067811865476
pt 1 3 1 0 0 3 2 3 3 1 0.9 0.30000000000000004
ll 1 3 1 0 0 3 2 3 2 3 2 1 3 1 2 1 2 1 0 3 1 1.0 0.0
ap 3 3 0 3 1 1 1 3 2 3 0 0.0
as 3 3 0 3 1 1 1 3 2 3 0 0.0
pt 1 3 2 3 2 2 0 1 3 2 2.0 2.0
ll 1 3 2 3 2 2 0 1 1 3 3 2 1 0 1 0 2.0 2.0
ap 2 2 1 2 3 3 1 2 0 0.0
as 2 2 1 2 3 3 1 2 0 0.0
pt 2 3 2 2 1 1 2 3 3 0 2 2 1 0 3 2 2 2.0 2.0
ll 2 3 2 2 1 1 2 3 3 0 2 2 1 0 3 2 3 1 0 3 2 3 3 3 1 2 3 0 2 1 2.0 1.0
ap 2 3 2 0 3 0 0 2 2 0.9486832980505137
as 2 3 2 0 3 0 0 2 2 0.9486832980505137
pt 2 3 2 2 2 3 3 1 2 2 3 3 0 2 0 2.9 0.2999999999999998
ll 2 3 2 2 2 3 3 1 2 2 3 3 0 2 3 1 2 2 0 2 3 3 1 1 2 0 3 2 2.0 2.0
ap 2 1 0 0 3 2 0 1 0 0.0
as 2 1 0 0 3 2 0 1 0 0.0
pt 2 3 3 2 0 2 0 2 3 2 0 1 0 2 3 0 1 0.0 2.0
ll 2 3 3 2 0 2 0 2 3 2 0 1 0 2 3 1 2 0 0 1 1 1.3 0.8999999999999999
ap 2 0 2 3 3 0 1 0 3 0.0
as 2 0 2 3 3 0 1 0 3 0.0
pt 1 2 2 0 0 2 4 3 1.5 0.5
ll 1 2 2 0 0 2 1 2 1 1 2 1 1.0 1.0
ap 2 0 0 3 0 1 2 1 0 1.0
as 2 0 0 3 0 1 2 1 0 1.0
pt 1 2 2 2 2 3 2 0 2.0 2.0
ll 1 2 2 2 2 3 1 2 2 1 2 0 2.0 2.0
ap 3 0 2 0 0 3 2 2 3 0 1 1.0
as 3 0 2 0 0 3 2 2 3 0 1 1.0
pt 3 2 2 2 1 0 3 1 1 2 0 2 1 3 2 2 2 0 3 0 -1 0 1.0 0.0
ll 3 2 2 2 1 0 3 1 1 2 0 2 1 3 2 2 2 0 3 0 2 3 0 3 3 3 1 3 3 0 1 0 2 0 1 2.0 2.0
ap 3 1 1 3 3 2 3 2 1 2 2 1.4142135623730951
as 3 1 1 3 3 2 3 2 1 2 2 1.4142135623730951
pt 1 2 0 2 1 0 2 2 0.4 1.2
ll 1 2 0 2 1 0 1 2 0 0 1 2 0.5 1.0
ap 2 2 2 0 2 0 2 0 0 2.0
as 2 2 2 0 2 0 2 0 0 2.0
pt 2 2 3 0 0 0 3 2 3 2 3 1 3 -1 4 1.0 3.0
ll 2 2 3 0 0 0 3 2 3 2 3 1 3 3 3 2 2 3 3 2 3 3 1 1 3 0 1 2 2 1 1 2 3 2.0 3.0
ap 3 1 0 3 0 0 2 0 1 1 1 4.218800784900917
as 3 1 0 3 0 0 2 0 1 1 1 4.218800784900917
pt 3 2 2 2 0 1 2 0 2 3 1 3 0 2 3 3 3 3 2 2 2.0 2.0
ll 3 2 2 2 0 1 2 0 2 3 1 3 0 2 3 3 3 3 1 3 3 0 2 1 1 3 1.6 1.8
ap 3 1 1 2 1 1 2 2 2 3 2 1.7071067811865475
as 3 1 1 2 1 1 2 2 2 3 2 1.7071067811865475
pt 2 2 1 3 1 0 3 3 3 0 1 1 2 4 -1 1.0 0.0
ll 2 2 1 3 1 0 3 3 3 0 1 1 2 3 2 0 0 2 1 3 0 1 3 0 3 0 3 2 0 2 2 2 1 1.0 0.5
ap 2 3 2 0 1 1 0 3 1 0.3162277660168378
as 2 3 2 0 1 1 0 3 1 0.3162277660168378
pt 1 3 2 1 3 1 2 0 3 -1 2.0 0.0
ll 1 3 2 1 3 1 2 0 3 2 3 3 0 1 3 0 3 3 0 1 0 2 3 2 1 1 2.0 1.0
ap 2 3 1 0 2 3 3 1 0 1.1499191491521379
as 2 3 1 0 2 3 3 1 0 1.1499191491521379
pt 3 3 2 2 2 0 1 0 2 0 3 1 1 2 3 3 3 1 3 1 3.0 1.0
ll 3 3 2 2 2 0 1 0 2 0 3 1 1 2 3 3 3 1 2 3 1 2 0 3 1 3 3 2 1 3 1 2 2 0.0 3.0
ap 2 3 2 1 2 1 3 3 3 2.0
as 2 3 2 1 2 1 3 3 3 0.0
pt 2 3 3 0 1 1 0 0 3 3 2 0 3 2 0 1 2 0.7692307692307693 1.846153846153846
ll 2 3 3 0 1 1 0 0 3 3 2 0 3 2 0 1 3 3 0 3 0 1 1 3.0 0.0
ap 3 3 3 1 3 3 3 2 2 0 1 1.0
as 3 3 3 1 3 3 3 2 2 0 1 1.0
pt 2 2 2 2 1 2 3 1 1 3 1 2 1 0 0 1.0 1.0
ll 2 2 2 2 1 2 3 1 1 3 1 2 1 2 3 2 3 0 3 2 1 2 3 1 2 1 1.0 2.0
ap 3 3 0 3 2 3 3 0 3 3 0 0.0
as 3 3 0 3 2 3 3 0 3 3 0 0.0
pt 2 2 2 0 0 1 3 0 3 3 1 1 0 3 4 1.6153846153846154 1.9230769230769231
ll 2 2 2 0 0 1 3 0 3 3 1 1 0 2 3 3 3 1 3 1 1 2 3 1 4 1 1.0 2.3333333333333335
ap 2 1 2 3 0 0 0 0 1 0.0
as 2 1 2 3 0 0 0 0 1 0.0
pt 2 3 2 3 0 0 3 2 2 2 2 0 1 -1 2 0.0 1.0
ll 2 3 2 3 0 0 3 2 2 2 2 0 1 2 3 3 0 3 2 0 2 3 0 2 2 1 0 2 3.0 2.0
ap 3 2 3 3 3 1 3 1 0 3 2 1.0
as 3 2 3 3 3 1 3 1 0 3 2 1.0
pt 3 2 2 1 0 0 3 2 2 2 1 0 0 2 1 1 2 0 1 1 1.0 1.0
ll 3 2 2 1 0 0 3 2 2 2 1 0 0 2 1 1 2 0 1 2 2 1 1 2 2.0 1.0
ap 2 0 1 0 2 2 3 0 0 0.0
as 2 0 1 0 2 2 3 0 0 0.0
pt 2 2 2 3 3 1 3 1 0 2 2 3 0 2 4 2.0 3.0
ll 2 2 2 3 3 1 3 1 0 2 2 3 0 3 2 2 3 3 3 2 0 3 1 3 2 3 2 0 3 2.0 3.0
ap 2 1 1 3 3 1 1 0 3 0.0
as 2 1 1 3 3 1 1 0 3 0.0
pt 1 2 0 2 1 2 3 4 1.0 2.0
ll 1 2 0 2 1 2 2 2 3 0 2 0 2 2 1 1 1 1.0 2.0
ap 2 1 0 0 3 1 2 1 0 0.0
as 2 1 0 0 3 1 2 1 0 0.0
pt 1 2 2 3 0 3 -1 -1 0.0 3.0
ll 1 2 2 3 0 3 2 2 2 1 3 1 3 1 2 2 0 0 1 1.0 3.0
ap 2 2 3 3 3 2 0 1 3 0.0
as 2 2 3 3 3 2 0 1 3 0.0
pt 3 3 3 3 3 1 2 0 3 3 0 0 2 1 2 3 1 0 0 2 3 3 4 1 3.0 1.0
ll 3 3 3 3 3 1 2 0 3 3 0 0 2 1 2 3 1 0 0 2 3 3 2 2 0 0 2 3 2 0 1 2 0 0.9230769230769231 1.3846153846153846
ap 2 2 3 3 3 0 3 1 1 0.0
as 2 2 3 3 3 0 3 1 1 0.0
pt 1 3 2 1 3 1 0 3 2 3 1.3846153846153846 2.0769230769230766
ll 1 3 2 1 3 1 0 3 3 3 2 1 0 2 0 0 2 0 1 3 2 2 3 0 3 3 2.0 1.0
ap 3 2 2 1 3 2 0 0 3 1 2 2.362896860423609
as 3 2 2 1 3 2 0 0 3 1 2 2.362896860423609
pt 1 2 3 3 0 1 2 4 2.769230769230769 2.8461538461538463
ll 1 2 3 3 0 1 2 2 0 0 3 1 2 2 2 0 1 0.0 1.0
ap 3 2 0 1 0 3 3 0 2 1 3 3.496150883013531
as 3 2 0 1 0 3 3 0 2 1 3 3.496150883013531
pt 3 3 2 2 1 3 0 1 3 3 0 3 2 2 1 2 1 3 2 1 1 -1 0.0 1.0
ll 3 3 2 2 1 3 0 1 3 3 0 3 2 2 1 2 1 3 2 1 1 2 2 0 0 3 0.5714285714285714 2.142857142857143
ap 3 1 1 1 3 0 2 1 0 1 2 1.0
as 3 1 1 1 3 0 2 1 0 1 2 0.0
pt 1 3 2 2 0 0 2 3 3 -1 1.0 1.0
ll 1 3 2 2 0 0 2 3 2 3 2 3 1 3 1 1 3 2 3 1 3 3 3 2.0 3.0
ap 3 3 0 0 3 0 3 3 1 0 3 4.242640687119285
as 3 3 0 0 3 0 3 3 1 0 3 4.242640687119285
pt 1 3 3 0 3 1 0 1 2 3 2.0 1.0
ll 1 3 3 0 3 1 0 1 1 3 0 1 1 3 0 0 0.0 1.0
ap 2 2 2 0 0 3 2 1 3 0.0
as 2 2 2 0 0 3 2 1 3 0.0
pt 1 2 2 0 3 0 2 3 2.0 0.0
ll 1 2 2 0 3 0 2 2 3 1 1 1 2 0 1 1 0 2.0 0.0
ap 2 3 3 3 0 0 2 1 0 3.0
as 2 3 3 3 0 0 2 1 0 3.0
pt 3 2 3 2 0 3 2 0 3 3 3 3 0 0 2 0 3 2 4 2 3.0 2.0
ll 3 2 3 2 0 3 2 0 3 3 3 3 0 0 2 0 3 2 3 2 0 2 3 0 2 1 1 2 3 2 1 1 0 0 2.25 0.5
ap 2 2 3 1 0 2 3 3 3 0.0
as 2 2 3 1 0 2 3 3 3 0.0
pt 3 3 1 1 2 3 3 3 2 3 1 1 0 3 0 1 3 3 3 2 -1 3 0.23076923076923078 1.1538461538461537
ll 3 3 1 1 2 3 3 3 2 3 1 1 0 3 0 1 3 3 3 2 3 2 0 2 1 0 3 2 2 3 3 3 1 2 1 2 2 3 1.0 0.0
ap 2 1 0 0 1 2 0 3 3 0.0
as 2 1 0 0 1 2 0 3 3 0.0
pt 3 3 0 1 0 2 2 0 3 3 2 1 1 1 2 2 2 1 3 0 3 3 3.0 2.0
ll 3 3 0 1 0 2 2 0 3 3 2 1 1 1 2 2 2 1 3 0 3 2 1 3 2 2 2 2 3 3 3 2 3 1 0 1 0.0 1.0
ap 3 1 0 0 1 3 1 1 0 2 1 0.0
as 3 1 0 0 1 3 1 1 0 2 1 0.0
pt 1 3 2 3 3 0 0 2 1 0 1.6153846153846154 0.9230769230769231
ll 1 3 2 3 3 0 0 2 3 2 3 1 1 2 3 1 1 2 3 1 3 2 0 3 1 0 2.6 1.2
ap 3 0 0 1 2 0 2 0 2 3 0 1.6770509831248424
as 3 0 0 1 2 0 2 0 2 3 0 1.6770509831248424
pt 1 2 0 0 0 2 3 1 0.0 1.0
ll 1 2 0 0 0 2 3 2 2 2 1 1 2 3 3 0 2 2 3 1 2 2 0.0 2.0
ap 2 1 1 2 0 0 1 0 3 0.0
as 2 1 1 2 0 0 1 0 3 0.0
pt 3 3 2 2 1 3 3 3 2 1 3 2 3 2 2 1 2 3 3 -1 2.0 1.0
ll 3 3 2 2 1 3 3 3 2 1 3 2 3 2 2 1 2 3 1 2 3 0 0 0 2.0 1.0
ap 2 2 0 1 3 1 2 2 1 1.5811388300841898
as 2 2 0 1 3 1 2 2 1 1.5811388300841898
pt 3 2 3 3 3 1 3 2 2 0 3 1 0 2 1 2 3 1 -1 4 0.0 3.0
ll 3 2 3 3 3 1 3 2 2 0 3 1 0 2 1 2 3 1 2 3 2 2 3 0 3 2 2 2 3 0 3 3.0 1.0
ap 2 2 1 2 0 3 2 3 0 1.0
as 2 2 1 2 0 3 2 3 0 0.0
pt 1 2 1 0 1 2 2 3 1.0 2.0
ll 1 2 1 0 1 2 2 2 0 3 0 1 2 3 1 1 2 1.0 2.0
ap 3 1 3 2 0 2 0 2 0 0 3 3.1622776601683795
as 3 1 3 2 0 2 0 2 0 0 3 3.1622776601683795
pt 2 2 0 0 1 1 3 3 2 0 1 2 0 4 3 3.0 2.0
ll 2 2 0 0 1 1 3 3 2 0 1 2 0 2 3 2 1 3 3 3 3 3 0 0 3 1 1 3 2.4 1.8
ap 2 2 0 3 0 1 2 1 3 0.0
as 2 2 0 3 0 1 2 1 3 0.0
pt 1 2 0 3 2 0 4 4 0.7692307692307693 1.846153846153846
ll 1 2 0 3 2 0 2 2 0 2 1 2 2 2 3 3 3 0.6666666666666666 2.0
ap 3 0 3 0 3 3 0 0 0 1 2 1.414213562373095
as 3 0 3 0 3 3 0 0 0 1 2 1.414213562373095
pt 1 2 0 1 3 0 4 0 3.0 0.0
ll 1 2 0 1 3 0 3 3 3 3 1 2 1 1 2 3 1 3 2 2 0 3 2 2 0.8999999999999999 0.7
ap 2 0 2 3 2 3 3 0 2 0.0
as 2 0 2 3 2 3 3 0 2 0.0
pt 3 3 2 3 1 3 3 3 2 1 0 2 1 2 0 0 2 1 1 1 1.2 0.6
ll 3 3 2 3 1 3 3 3 2 1 0 2 1 2 0 0 2 1 1 3 2 1 0 0 2 2 2.0 1.0
ap 2 1 2 3 3 1 3 0 1 0.0
as 2 1 2 3 3 1 3 0 1 0.0
pt 1 2 3 0 2 2 3 2 2.2 1.6
ll 1 2 3 0 2 2 1 2 1 2 1 3 2.0 2.0
ap 2 0 1 2 3 0 3 1 0 0.7071067811865476
as 2 0 1 2 3 0 3 1 0 0.7071067811865476
pt 3 3 1 2 2 1 2 1 2 3 0 2 0 3 3 2 1 1 0 2 3 2 3.0 2.0
ll 3 3 1 2 2 1 2 1 2 3 0 2 0 3 3 2 1 1 0 2 2 3 1 0 1 1 3 2 2 0 3 1 1 1.6666666666666667 1.3333333333333333
ap 3 2 3 1 2 2 0 3 0 2 3 0.0
as 3 2 3 1 2 2 0 3 0 2 3 0.0
pt 2 3 1 0 3 2 2 1 3 1 0 0 1 1 2 -1 0 0.0 1.0
ll 2 3 1 0 3 2 2 1 3 1 0 0 1 1 2 3 2 0 3 3 1 2 1 2 3 2 3 0 1 0 2 2 0 2.4 1.4
ap 2 3 3 3 0 3 3 0 0 0.0
as 2 3 3 3 0 3 3 0 0 0.0
pt 2 2 1 2 0 1 3 0 1 1 1 3 2 4 2 3.0 2.0
ll 2 2 1 2 0 1 3 0 1 1 1 3 2 2 2 0 3 0 0 2 1 1 0 2 0.0 1.0
ap 2 2 1 0 1 2 3 2 0 0.0
as 2 2 1 0 1 2 3 2 0 0.0
pt 3 2 0 3 1 3 3 3 0 3 0 3 1 3 1 1 2 3 3 0 -1 1 1.0 1.0
ll 3 2 0 3 1 3 3 3 0 3 0 3 1 3 1 1 2 3 3 0 2 3 0 0 2 0 3 1 2 2 3 1 3 3.0 1.0
ap 2 2 2 0 2 3 1 2 2 0.0
as 2 2 2 0 2 3 1 2 2 0.0
pt 2 2 2 1 1 2 3 1 1 1 3 0 2 4 1 2.0 1.0
ll 2 2 2 1 1 2 3 1 1 1 3 0 2 2 3 2 1 3 2 1 2 3 2 1 2 1 3 3 2.0 1.0
ap 3 1 1 0 3 1 3 2 0 3 2 0.0
as 3 1 1 0 3 1 3 2 0 3 2 0.0
pt 1 2 2 3 0 0 -1 0 0.0 0.0
ll 1 2 2 3 0 0 3 3 2 0 0 2 0 0 2 3 0 1 2 3 1 0 3 2 3 1 0.8 1.2
ap 2 1 3 1 1 2 2 1 0 2.0
as 2 1 3 1 1 2 2 1 0 2.0
pt 2 3 2 3 0 0 1 0 2 0 2 0 3 1 3 1.6923076923076923 2.5384615384615383
ll 2 3 2 3 0 0 1 0 2 0 2 0 3 1 2 2 0 1 3 1.3333333333333333 2.0
ap 3 1 1 1 1 0 3 2 0 3 1 0.0
as 3 1 1 1 1 0 3 2 0 3 1 0.0
pt 1 2 1 1 1 0 0 -1 1.0 0.0
ll 1 2 1 1 1 0 3 2 3 0 2 1 2 1 1 2 3 3 0 3 1 2 0 2 1.0 1.0
ap 2 0 3 1 0 1 2 1 3 1.264911064067352
as 2 0 3 1 0 1 2 1 3 1.264911064067352
pt 2 2 1 2 2 0 3 2 2 0 0 0 1 0 3 1.0 2.0
ll 2 2 1 2 2 0 3 2 2 0 0 0 1 1 3 0 0 2 1 2 0 1.6 0.8
ap 3 2 0 2 3 3 2 3 3 2 2 2.0
as 3 2 0 2 3 3 2 3 3 2 2 2.0
pt 3 2 0 2 2 1 2 0 2 2 3 3 3 0 2 2 0 2 -1 3 0.0 2.0
ll 3 2 0 2 2 1 2 0 2 2 3 3 3 0 2 2 0 2 1 3 2 0 2 0 0 1 2.0 1.0
ap 3 2 2 1 3 0 2 1 0 0 2 2.8284271247461903
as 3 2 2 1 3 0 2 1 0 0 2 2.8284271247461903
pt 3 2 3 2 1 0 3 2 1 3 3 2 3 2 1 3 3 3 -1 3 1.0 3.0
ll 3 2 3 2 1 0 3 2 1 3 3 2 3 2 1 3 3 3 1 2 3 1 3 3 3.0 2.0
ap 3 2 3 0 1 2 0 1 2 2 3 1.4142135623730951
as 3 2 3 0 1 2 0 1 2 2 3 1.4142135623730951
pt 2 2 1 2 1 1 2 0 2 1 2 2 1 1.0 1.0
ll 2 2 1 2 1 1 2 0 2 1 2 1 3 2 2 0 0 3 3 1.0 1.0
ap 3 0 0 2 0 1 1 2 3 1 1 3.414213562373095
as 3 0 0 2 0 1 1 2 3 1 1 3.414213562373095
pt 3 2 3 2 2 2 3 2 2 0 1 0 1 2 2 3 0 3 1 3 1.0 3.0
ll 3 2 3 2 2 2 3 2 2 0 1 0 1 2 2 3 0 3 3 3 0 3 2 1 3 3 3 2 2 1 2 0 3 3 0 2 2 3 0 2 2.5 2.0
ap 3 0 0 1 3 3 0 3 2 0 1 1.1858541225631423
as 3 0 0 1 3 3 0 3 2 0 1 1.1858541225631423
pt 3 3 2 3 2 2 3 1 2 2 0 0 1 2 3 1 4 1 3 3 2.0 3.0
ll 3 3 2 3 2 2 3 1 2 2 0 0 1 2 3 1 4 1 3 3 2 3 3 2 1 2 2 1 2 0 1 3 3 0 1 0 1 3 2.0 3.0
ap 3 0 3 1 3 3 0 2 0 3 0 4.60555127546399
as 3 0 3 1 3 3 0 2 0 3 0 4.60555127546399
pt 3 2 3 0 2 1 3 3 0 0 1 0 1 3 3 3 3 1 2 1 3 4 3.0 3.0
ll 3 2 3 0 2 1 3 3 0 0 1 0 1 3 3 3 3 1 2 1 3 2 3 2 0 2 2 2 3 3 2 3 3 0 2 0 0 2 3.0 2.0
ap 2 3 3 3 1 3 2 0 1 1.0
as 2 3 3 3 1 3 2 0 1 1.0
pt 3 3 1 3 3 2 2 1 3 2 2 1 0 0 0 3 3 1 2 3 2 3 3 1 3.0 1.0
ll 3 3 1 3 3 2 2 1 3 2 2 1 0 0 0 3 3 1 2 3 2 3 2 2 0 2 0 1 3 3 0 0 1 1 2 1.2857142857142858 0.5714285714285714
ap 3 3 0 1 3 1 0 1 1 0 0 5.60555127546399
as 3 3 0 1 3 1 0 1 1 0 0 5.60555127546399
pt 2 2 1 3 2 3 3 3 2 2 2 0 3 1 -1 2.0 2.0
ll 2 2 1 3 2 3 3 3 2 2 2 0 3 3 3 2 3 1 3 3 2 2 3 0 1 3 2 1 0 1 2 1.0 3.0
ap 2 0 0 3 1 1 2 2 3 1.5811388300841898
as 2 0 0 3 1 1 2 2 3 1.5811388300841898
pt 1 3 0 1 3 2 3 3 2 4 3.0 3.0
ll 1 3 0 1 3 2 3 3 3 2 2 2 3 1 3 0 0 3 3 1 1 3 2 3 0 2 3 0 2.25 1.75
ap 3 0 3 0 0 2 1 1 1 2 3 4.341640786499874
as 3 0 3 0 0 2 1 1 1 2 3 4.341640786499874
pt 2 2 1 1 1 3 3 1 2 3 1 3 1 -1 4 1.0 3.0
ll 2 2 1 1 1 3 3 1 2 3 1 3 1 1 2 3 3 1 0 2.0 1.5
ap 3 2 2 1 3 3 3 3 0 3 1 0.0
as 3 2 2 1 3 3 3 3 0 3 1 0.0
pt 2 2 2 2 0 1 3 2 3 0 1 3 3 2 4 2.0 3.0
ll 2 2 2 2 0 1 3 2 3 0 1 3 3 2 2 1 0 2 0 2 1 1 2 1 0.8 1.4
ap 3 2 2 2 0 0 1 3 3 0 1 4.23606797749979
as 3 2 2 2 0 0 1 3 3 0 1 4.23606797749979
pt 2 3 0 3 1 2 3 0 3 2 2 2 2 0 1 0 3 0.0 3.0
ll 2 3 0 3 1 2 3 0 3 2 2 2 2 0 1 2 3 1 3 2 0 3 3 3 3 1 2 3 3 3 1.5 1.5
ap 3 0 3 1 1 2 2 2 3 1 0 2.9431747586863373
as 3 0 3 1 1 2 2 2 3 1 0 2.9431747586863373
pt 3 3 0 1 2 3 0 2 3 0 3 0 3 2 1 3 1 0 0 3 3 1 3 4 2.0 3.0
ll 3 3 0 1 2 3 0 2 3 0 3 0 3 2 1 3 1 0 0 3 3 1 1 3 2 0 2 3 3 3 2.0 3.0
ap 2 2 0 2 2 1 2 3 3 2.0
as 2 2 0 2 2 1 2 3 3 2.0
pt 1 3 3 3 3 0 2 0 -1 2 2.0 0.0
ll 1 3 3 3 3 0 2 0 1 3 3 3 0 0 0 2 3.0 3.0
ap 3 1 3 2 2 2 2 3 0 3 2 1.4142135623730951
as 3 1 3 2 2 2 2 3 0 3 2 1.4142135623730951
pt 3 2 2 1 3 0 3 0 3 1 1 3 2 2 2 1 1 1 -1 4 0.0 3.0
ll 3 2 2 1 3 0 3 0 3 1 1 3 2 2 2 1 1 1 2 3 2 2 1 1 1 3 3 0 0 2 2 0 3 1.0 1.0
ap 2 2 1 3 1 2 1 1 2 0.0
as 2 2 1 3 1 2 1 1 2 0.0
pt 1 3 2 0 3 2 1 1 0 0 1.0 1.0
ll 1 3 2 0 3 2 1 1 3 2 1 1 2 1 2 1 3 2 2 3 1 1 0 3 2 1 1.0 1.0
ap 3 3 2 0 2 1 1 0 0 2 1 4.414213562373095
as 3 3 2 0 2 1 1 0 0 2 1 4.414213562373095
pt 3 2 3 3 1 3 3 3 2 2 1 3 2 2 3 0 3 2 4 1 3.0 1.0
ll 3 2 3 3 1 3 3 3 2 2 1 3 2 2 3 0 3 2 2 3 2 0 2 1 0 1 2 0 0 0 2 2.0 1.0
ap 3 3 3 2 1 0 1 1 1 0 2 3.23606797749979
as 3 3 3 2 1 0 1 1 1 0 2 3.23606797749979
pt 1 2 1 2 2 0 3 2 1.4 1.2
ll 1 2 1 2 2 0 3 3 1 0 1 0 2 2 2 0 2 3 1 2 2 3 3 3 1.5 1.0
ap 3 3 1 1 2 3 3 1 3 1 2 2.23606797749979
as 3 3 1 1 2 3 3 1 3 1 2 2.23606797749979
pt 1 2 0 1 3 2 1 0 0.6000000000000001 1.2
ll 1 2 0 1 3 2 3 2 3 3 1 1 3 1 3 0 3 2 2 2 0 1 1 0 1.5 1.5
ap 2 1 1 2 3 2 3 1 0 2.23606797749979
as 2 1 1 2 3 2 3 1 0 2.23606797749979
pt 2 3 0 0 3 2 1 2 2 0 3 3 0 1 3 0.5 2.5
ll 2 3 0 0 3 2 1 2 2 0 3 3 0 2 3 0 3 0 1 3 1 3 2 1 1 3 2 2 1.5 1.0
ap 3 0 2 3 0 1 1 2 3 1 2 0.8320502943378437
as 3 0 2 3 0 1 1 2 3 1 2 0.8320502943378437
pt 2 2 3 2 1 0 3 3 3 1 2 3 2 3 0 2.0 1.0
ll 2 2 3 2 1 0 3 3 3 1 2 3 2 3 3 1 3 2 3 1 0 2 0 2 3 0 3 2 2 3 3 0 0 1.0 0.0
ap 3 2 2 1 0 3 1 0 2 0 3 0.894427190999916
as 3 2 2 1 0 3 1 0 2 0 3 0.894427190999916
pt 1 3 1 0 1 3 1 2 2 4 1.0 3.0
ll 1 3 1 0 1 3 1 2 3 2 2 3 3 3 2 3 3 1 1 2 2 3 3 2 1.0 1.0
ap 2 0 0 2 3 3 2 3 3 3.605551275463989
as 2 0 0 2 3 3 2 3 3 3.605551275463989
pt 2 3 2 1 2 2 1 3 2 3 3 1 0 2 2 2.0 2.0
ll 2 3 2 1 2 2 1 3 2 3 3 1 0 1 2 1 3 2 3 1.0 3.0
ap 2 1 2 3 2 1 2 2 3 0.0
as 2 1 2 3 2 1 2 2 3 0.0
pt 3 2 1 1 3 3 3 0 3 1 0 0 1 3 1 1 1 1 0 3 -1 0 0.0 1.0
ll 3 2 1 1 3 3 3 0 3 1 0 0 1 3 1 1 1 1 0 3 2 2 1 3 3 3 3 0 0 3 0 0 0 3.0 3.0
ap 3 3 3 1 2 2 2 3 1 2 0 3.23606797749979
as 3 3 3 1 2 2 2 3 1 2 0 3.23606797749979
pt 3 2 2 3 0 2 2 0 2 2 2 3 3 1 1 0 2 3 -1 2 0.0 2.0
ll 3 2 2 3 0 2 2 0 2 2 2 3 3 1 1 0 2 3 2 2 1 0 3 0 3 1 0 3 0 0 1 1.0 0.0
ap 2 2 1 3 1 2 2 3 2 0.0
as 2 2 1 3 1 2 2 3 2 0.0
pt 2 3 3 1 1 3 3 1 2 0 0 3 0 4 1 3.0 1.0
ll 2 3 3 1 1 3 3 1 2 0 0 3 0 2 2 2 3 0 2 3 3 2 0 2 0 3 1.3333333333333333 2.6666666666666665
ap 2 2 1 2 0 0 2 3 3 0.0
as 2 2 1 2 0 0 2 3 3 0.0
pt 2 2 1 2 0 2 2 0 1 0 2 2 2 1.0 2.0
ll 2 2 1 2 0 2 2 0 1 0 2 3 2 0 1 3 3 3 1 3 0 1 1 3 2 0 1 1 1 0.0 1.0
ap 2 2 0 0 2 1 1 1 3 1.4142135623730951
as 2 2 0 0 2 1 1 1 3 1.4142135623730951
pt 1 2 1 2 0 1 -1 -1 0.0 1.0
ll 1 2 1 2 0 1 1 2 1 2 3 3 1.0 2.0
ap 3 3 0 1 3 3 2 1 0 0 3 3.605551275463989
as 3 3 0 1 3 3 2 1 0 0 3 3.605551275463989
pt 2 2 3 0 2 1 3 1 3 2 1 1 3 1 -1 2.5 0.5
ll 2 2 3 0 2 1 3 1 3 2 1 1 3 2 3 1 3 2 2 3 2 3 1 3 0 0 3 3 1.0 3.0
ap 2 3 0 2 2 3 1 2 2 2.23606797749979
as 2 3 0 2 2 3 1 2 2 2.23606797749979
pt 1 2 2 1 2 3 1 3 2.0 3.0
ll 1 2 2 1 2 3 3 2 2 1 3 1 2 2 3 1 1 2 1 2 0 1 2.0 1.0
ap 2 0 2 1 2 2 3 0 2 0.0
as 2 0 2 1 2 2 3 0 2 0.0
pt 3 2 0 0 2 0 2 3 3 0 3 2 0 1 3 1 4 4 3.0 3.0
ll 3 2 0 0 2 0 2 3 3 0 3 2 0 1 3 1 2 2 0 1 0 3 3 0 0 1 0 2 3 0.0 3.0
ap 3 1 1 3 0 2 3 1 3 3 2 4.765890105634494
as 3 1 1 3 0 2 3 1 3 3 2 4.765890105634494
pt 3 2 0 2 2 0 3 0 0 1 1 0 1 2 1 2 0 2 -1 2 0.0 2.0
ll 3 2 0 2 2 0 3 0 0 1 1 0 1 2 1 2 0 2 3 2 2 0 2 1 3 1 0 0 0 3 0 2 2 0 1 1 2.0 0.0
ap 2 3 3 0 3 0 3 0 1 3.0
as 2 3 3 0 3 0 3 0 1 3.0
pt 3 3 2 1 1 1 2 3 2 0 3 1 3 2 0 1 2 0 2 -1 2.0 0.0
ll 3 3 2 1 1 1 2 3 2 0 3 1 3 2 0 1 2 0 3 2 1 2 3 1 3 2 2 2 0 1 0 2 1 1 1 3 1.4 1.8
ap 3 2 3 2 2 1 1 3 3 2 1 1.0
as 3 2 3 2 2 1 1 3 3 2 1 1.0
pt 3 2 0 0 3 2 2 2 1 1 0 2 0 2 1 3 -1 3 0.0 2.0
ll 3 2 0 0 3 2 2 2 1 1 0 2 0 2 1 3 1 2 1 0 0 2 0.75 0.5
ap 2 0 3 3 0 0 2 3 0 4.242640687119285
as 2 0 3 3 0 0 2 3 0 4.242640687119285
pt 1 2 1 0 2 1 2 0 1.5 0.5
ll 1 2 1 0 2 1 2 2 0 1 2 1 2 3 2 2 2 2.0 1.0
ap 3 1 3 0 2 2 0 2 1 0 2 1.4142135623730951
as 3 1 3 0 2 2 0 2 1 0 2 1.4142135623730951
pt 1 3 1 3 0 3 1 3 3 -1 1.0 3.0
ll 1 3 1 3 0 3 1 3 3 2 3 1 2 0 2 1 2 2 3 3 0 0 2 2 1 1 1.0 3.0
ap 2 2 3 0 2 2 1 1 1 1.788854381999832
as 2 2 3 0 2 2 1 1 1 1.788854381999832
pt 3 3 3 0 3 0 0 0 3 1 1 1 3 0 3 3 1 3 0 3 0 2 3 4 1.0 3.0
ll 3 3 3 0 3 0 0 0 3 1 1 1 3 0 3 3 1 3 0 3 0 2 1 2 0 0 2 0 0.0 0.0
ap 2 3 3 2 0 2 3 3 0 1.5811388300841898
as 2 3 3 2 0 2 3 3 0 1.5811388300841898
pt 3 3 3 0 0 2 3 2 3 2 3 3 3 2 0 3 1 3 1 2 1 3 1 1 1.1538461538461537 1.2307692307692308
ll 3 3 3 0 0 2 3 2 3 2 3 3 3 2 0 3 1 3 1 2 1 3 3 3 0 1 2 0 1 1 3 1 2 2 0 1 2 3 1 2 2 2 0 0 2.0 0.0
ap 2 1 1 2 1 1 0 1 2 0.0
as 2 1 1 2 1 1 0 1 2 0.0
pt 3 3 3 3 1 1 1 1 3 2 2 2 2 0 3 2 3 3 2 2 -1 -1 1.0 1.0
ll 3 3 3 3 1 1 1 1 3 2 2 2 2 0 3 2 3 3 2 2 2 3 3 1 1 0 1 3 2 2 1 3 0 1.0 1.0
ap 3 0 1 2 3 3 0 0 2 2 0 0.7071067811865476
as 3 0 1 2 3 3 0 0 2 2 0 0.7071067811865476
pt 1 3 3 0 0 3 2 0 -1 4 0.0 3.0
ll 1 3 3 0 0 3 2 0 2 3 1 2 1 0 3 0 3 2 0 1 1 1 2 1.0 2.0
ap 2 0 1 3 2 1 1 1 3 1.0540925533894598
as 2 0 1 3 2 1 1 1 3 1.0540925533894598
pt 3 2 2 3 1 0 2 1 2 3 1 2 1 0 2 1 4 2 3.0 1.0
ll 3 2 2 3 1 0 2 1 2 3 1 2 1 0 2 1 2 3 2 1 1 0 0 2 2 1 0 0 0 1.0 0.0
ap 2 0 1 1 0 3 1 3 2 1.4142135623730951
as 2 0 1 1 0 3 1 3 2 1.4142135623730951
pt 2 3 2 1 0 2 0 1 2 2 2 2 0 4 2 2.0 2.0
ll 2 3 2 1 0 2 0 1 2 2 2 2 0 2 2 0 1 2 0 2 3 0 1 1 0.0 1.0
ap 2 3 2 3 0 2 3 0 3 0.0
as 2 3 2 3 0 2 3 0 3 0.0
pt 3 3 3 0 1 0 3 0 2 0 3 1 2 3 1 3 2 0 0 2 0 0 1.0 0.0
ll 3 3 3 0 1 0 3 0 2 0 3 1 2 3 1 3 2 0 0 2 2 3 2 2 3 1 3 0 2 1 2 2 2 3.0 0.0
ap 2 0 1 2 2 3 1 2 1 1.788854381999832
as 2 0 1 2 2 3 1 2 1 1.788854381999832
pt 1 3 2 3 1 0 2 1 -1 3 1.7 2.1
ll 1 3 2 3 1 0 2 1 3 3 3 1 3 3 3 3 2 2 1 3 0 3 3 1 2 3 1 2 2.0 1.0
ap 3 2 1 0 0 1 3 2 3 0 3 5.39834563766817
as 3 2 1 0 0 1 3 2 3 0 3 5.39834563766817
pt 2 3 3 1 2 2 1 0 3 2 2 2 3 2 1 0 -1 1.0 0.0
ll 2 3 3 1 2 2 1 0 3 2 2 2 3 2 1 3 3 2 0 0 1 0 1 3 1 2 0 1 0 3 3 0 3 1 0 1 2 1.2 0.4
ap 3 0 1 3 3 2 2 1 2 0 0 0.9013878188659973
as 3 0 1 3 3 2 2 1 2 0 0 0.9013878188659973
pt 2 3 0 2 3 3 3 3 3 3 2 2 0 3 0 4 0 3.0 0.0
ll 2 3 0 2 3 3 3 3 3 3 2 2 0 3 0 3 2 3 3 0 3 2 2 2 1 1 3 0 3 0 3 2 3 3.0 3.0
ap 3 2 1 0 2 1 1 1 2 3 3 1.3416407864998738
as 3 2 1 0 2 1 1 1 2 3 3 1.3416407864998738
pt 2 3 1 0 1 0 0 2 3 2 1 2 3 2 2 3 0 2.0 1.0
ll 2 3 1 0 1 0 0 2 3 2 1 2 3 2 2 1 2 2 3 2 2 2.0 3.0
ap 3 0 0 3 3 1 3 1 3 1 4 6.242640687119285
as 3 0 0 3 3 1 3 1 3 1 4 6.242640687119285
pt 1 3 0 1 3 3 3 0 2 3 2.307692307692308 2.5384615384615383
ll 1 3 0 1 3 3 3 0 1 3 1 1 1 0 0 0 0.6923076923076923 1.4615384615384617
ap 3 1 2 3 0 2 3 1 3 0 2 0.0
as 3 1 2 3 0 2 3 1 3 0 2 0.0
pt 2 2 1 2 0 2 2 2 3 2 0 2 2 2.0 2.0
ll 2 2 1 2 0 2 2 2 3 2 0 3 2 1 0 0 0 3 2 0 0 2 2 0 3 0 0 1 0 3 1 0.0 2.0
ap 2 2 2 0 0 2 0 0 1 1.8856180831641272
as 2 2 2 0 0 2 0 0 1 1.8856180831641272
pt 3 2 2 3 2 1 2 0 1 1 0 2 2 1 2 0 2 2 2.0 2.0
ll 3 2 2 3 2 1 2 0 1 1 0 2 2 1 2 0 1 3 1 2 3 3 0 0 2.0 2.5
ap 3 0 1 0 3 2 3 0 3 0 4 2.0
as 3 0 1 0 3 2 3 0 3 0 4 2.0
pt 3 2 3 0 0 2 3 0 1 1 2 1 3 3 2 1 3 2 1 2 3 2 3.0 2.0
ll 3 2 3 0 0 2 3 0 1 1 2 1 3 3 2 1 3 2 1 2 1 3 1 0 2 3 3 3 1.3636363636363635 1.0909090909090908
ap 2 3 1 3 2 2 3 0 2 1.0
as 2 3 1 3 2 2 3 0 2 1.0
pt 1 2 2 0 0 0 2 1 2.0 0.0
ll 1 2 2 0 0 0 2 2 3 2 2 1 3 1 2 3 2 0 3 2.0 0.0
ap 2 3 0 2 1 2 3 2 4 1.4142135623730951
as 2 3 0 2 1 2 3 2 4 1.4142135623730951
pt 1 3 3 0 1 2 1 3 4 -1 3.0 0.0
ll 1 3 3 0 1 2 1 3 1 2 1 3 3 2 1.0 3.0
ap 3 3 0 2 3 2 3 2 0 0 1 0.316227766016838
as 3 3 0 2 3 2 3 2 0 0 1 0.316227766016838
pt 2 3 1 2 0 1 3 3 3 2 1 0 3 2 2 3 0 2.0 1.0
ll 2 3 1 2 0 1 3 3 3 2 1 0 3 2 2 2 2 1 0 3 0 2 3 2 1 0 2.0 1.0
ap 3 1 2 0 1 0 2 2 2 2 0 0.0
as 3 1 2 0 1 0 2 2 2 2 0 0.0
pt 1 2 2 1 2 2 0 3 2.0 2.0
ll 1 2 2 1 2 2 1 3 0 2 3 3 2 3 2.0 2.0
ap 3 0 1 2 1 3 1 3 2 3 3 3.0
as 3 0 1 2 1 3 1 3 2 3 3 3.0
pt 3 2 0 3 1 3 2 3 0 2 2 2 1 0 3 1 4 2 3.0 1.0
ll 3 2 0 3 1 3 2 3 0 2 2 2 1 0 3 1 2 2 0 0 0 1 3 1 3 3 3 0 2 1.0 3.0
ap 2 0 2 2 3 0 2 3 0 0.0
as 2 0 2 2 3 0 2 3 0 0.0
pt 3 2 0 2 1 3 3 3 0 2 2 1 2 2 3 1 1 2 1 2 1.0 2.0
ll 3 2 0 2 1 3 3 3 0 2 2 1 2 2 3 1 1 2 2 3 1 3 2 3 3 0 3 2 3 3 0 0 3 1.0 3.0
ap 2 0 2 1 2 3 3 0 3 0.0
as 2 0 2 1 2 3 3 0 3 0.0
pt 2 3 0 0 1 1 0 0 3 2 3 0 2 1 1 0 0 0.0 0.0
ll 2 3 0 0 1 1 0 0 3 2 3 0 2 1 1 3 3 1 0 0 2 1 0 3 1 0 2 0 3 3 3 1 0 2 1 2 1 0.6666666666666666 0.6666666666666666
ap 3 2 1 2 2 1 3 0 3 1 1 2.414213562373095
as 3 2 1 2 2 1 3 0 3 1 1 2.414213562373095
pt 2 3 1 2 1 1 2 2 3 3 2 1 3 2 0 2 4 1.4 2.8
ll 2 3 1 2 1 1 2 2 3 3 2 1 3 2 0 3 2 2 1 1 0 3 1 0 1 1 0 0 2 0 3 1 0 1.75 0.75
ap 2 0 2 2 1 1 3 2 1 2.23606797749979
as 2 0 2 2 1 1 3 2 1 2.23606797749979
pt 1 3 2 0 2 3 0 2 1 2 0.8 2.4
ll 1 3 2 0 2 3 0 2 1 3 2 0 0 1 3 2 2.0 0.0
ap 2 2 2 3 2 2 1 2 3 0.0
as 2 2 2 3 2 2 1 2 3 0.0
pt 2 3 3 2 2 1 0 3 3 2 3 1 2 2 3 1 1 1.5 1.5
ll 2 3 3 2 2 1 0 3 3 2 3 1 2 2 3 1 3 3 0 0 0 0 3 0.0 3.0
ap 2 3 3 0 3 2 2 0 0 1.0
as 2 3 3 0 3 2 2 0 0 1.0
pt 2 2 3 2 0 0 3 2 2 2 2 0 1 -1 2 0.0 1.0
ll 2 2 3 2 0 0 3 2 2 2 2 0 1 3 2 0 1 3 2 2 2 1 0 3 2 0 2 2 3 3.0 2.0
ap 3 3 3 2 0 1 1 2 3 1 1 4.576491222541475
as 3 3 3 2 0 1 1 2 3 1 1 4.576491222541475
pt 3 2 1 1 0 1 3 1 0 3 1 2 3 3 3 2 2 1 2 0 3 -1 2.0 0.0
ll 3 2 1 1 0 1 3 1 0 3 1 2 3 3 3 2 2 1 2 0 2 2 1 0 3 0 2 0 1 2 1 1.0 0.0
ap 2 3 3 3 0 2 2 2 3 1.0
as 2 3 3 3 0 2 2 2 3 0.0
pt 1 2 3 1 0 0 0 4 1.2000000000000002 0.4
ll 1 2 3 1 0 0 2 2 3 1 2 2 3 3 1 2 3 3 1 3.0 1.0
ap 3 3 1 2 3 2 2 2 2 3 3 1.49071198499986
as 3 3 1 2 3 2 2 2 2 3 3 1.49071198499986
pt 2 2 1 3 2 1 2 1 2 3 3 3 3 3.0 3.0
ll 2 2 1 3 2 1 2 1 2 3 3 3 2 3 2 2 3 2 2 2 3 0 2 2 3 1 2 2.3333333333333335 2.6666666666666665
ap 2 1 0 2 2 3 2 0 0 1.118033988749895
as 2 1 0 2 2 3 2 0 0 1.118033988749895
pt 2 2 0 2 3 1 2 0 2 2 1 0 -1 1.2 1.4
ll 2 2 0 2 3 1 2 0 2 2 1 1 3 0 0 2 0 3 2 2.5714285714285716 1.1428571428571428
ap 2 3 0 0 3 1 1 2 2 2.1213203435596424
as 2 3 0 0 3 1 1 2 2 2.1213203435596424
pt 1 3 2 0 2 2 3 1 2 2 2.0 2.0
ll 1 3 2 0 2 2 3 1 1 3 0 1 0 2 0 0 2.0 2.0
ap 3 2 3 1 2 3 2 1 0 2 1 2.414213562373095
as 3 2 3 1 2 3 2 1 0 2 1 2.414213562373095
pt 1 3 0 0 1 1 2 0 3 0 2.0 0.0
ll 1 3 0 0 1 1 2 0 3 2 3 3 2 0 2 0 2 1 0 2 1 1 3 0 2.0 0.0
ap 3 0 3 0 1 1 2 3 1 1 2 3.414213562373095
as 3 0 3 0 1 1 2 3 1 1 2 3.414213562373095
pt 2 2 1 2 0 0 2 0 2 0 0 -1 0 0.0 0.0
ll 2 2 1 2 0 0 2 0 2 0 0 3 3 0 3 0 2 1 2 2 2 3 3 1 2 3 0 2 2 1.0 2.0
ap 3 0 0 0 3 3 0 3 3 3 1 6.535533905932738
as 3 0 0 0 3 3 0 3 3 3 1 6.535533905932738
pt 3 3 1 2 2 3 3 2 3 2 3 1 2 2 2 3 0 0 0 3 3 1 4 3 3.0 2.0
ll 3 3 1 2 2 3 3 2 3 2 3 1 2 2 2 3 0 0 0 3 3 1 3 3 0 0 2 0 3 1 2 1 1 0 1 2 3 0 1 2 0.0 0.0
ap 3 3 2 3 0 0 2 1 1 0 1 4.218800784900917
as 3 3 2 3 0 0 2 1 1 0 1 4.218800784900917
pt 3 3 3 0 2 2 0 2 2 2 2 3 1 3 3 0 0 3 1 2 0 -1 2.0 1.0
ll 3 3 3 0 2 2 0 2 2 2 2 3 1 3 3 0 0 3 1 2 2 2 1 3 0 0 3 1 0 0 2 0 2 0.6666666666666666 2.0
ap 3 1 2 3 1 1 3 2 0 3 2 1.788854381999832
as 3 1 2 3 1 1 3 2 0 3 2 1.788854381999832
pt 3 2 3 3 1 2 3 2 3 3 1 0 1 2 1 2 2 3 1 4 2.0 3.0
ll 3 2 3 3 1 2 3 2 3 3 1 0 1 2 1 2 2 3 2 2 2 0 3 3 2 0 1 3 0 3.0 3.0
ap 3 2 1 1 0 3 0 0 3 1 1 0.7071067811865476
as 3 2 1 1 0 3 0 0 3 1 1 0.7071067811865476
pt 3 2 3 0 2 0 3 1 3 0 2 1 3 3 3 2 3 1 3 0 -1 2 0.0 2.0
ll 3 2 3 0 2 0 3 1 3 0 2 1 3 3 3 2 3 1 3 0 2 2 3 0 0 2 2 1 1 2 1 3.0 0.0
ap 3 0 3 0 2 1 3 2 2 2 3 2.414213562373095
as 3 0 3 0 2 1 3 2 2 2 3 2.414213562373095
pt 2 3 2 1 3 1 3 2 3 2 1 1 0 0 3 -1 -1 1.0 0.0
ll 2 3 2 1 3 1 3 2 3 2 1 1 0 0 3 1 3 1 3 0 3 1 1 0.0 3.0
ap 3 0 0 0 1 2 1 1 2 3 1 3.0
as 3 0 0 0 1 2 1 1 2 3 1 3.0
pt 3 3 0 2 1 0 3 3 2 0 1 1 1 2 0 0 0 1 2 0 1.3076923076923077 0.46153846153846156
ll 3 3 0 2 1 0 3 3 2 0 1 1 1 2 0 0 0 1 2 3 2 1 2 0 1 0 3 1 3 0 2 3 3 1.0 0.0
ap 2 1 3 3 2 1 0 1 3 0.0
as 2 1 3 3 2 1 0 1 3 0.0
pt 2 3 0 2 2 2 0 0 2 0 1 2 3 4 3 2.0 3.0
ll 2 3 0 2 2 2 0 0 2 0 1 2 3 1 2 3 0 0 1 0.75 0.75
ap 2 1 0 3 0 3 2 1 0 0.0
as 2 1 0 3 0 3 2 1 0 0.0
pt 2 3 1 1 0 3 3 0 2 2 3 2 0 -1 4 0.0 3.0
ll 2 3 1 1 0 3 3 0 2 2 3 2 0 2 2 0 2 0 1 3 0 1 2 3 0 2 0.6666666666666666 1.6666666666666667
ap 2 0 3 1 2 0 0 2 2 1.4142135623730951
as 2 0 3 1 2 0 0 2 2 1.4142135623730951
pt 1 3 0 3 3 2 3 3 3 4 3.0 3.0
ll 1 3 0 3 3 2 3 3 3 2 3 0 1 0 2 3 3 0 2 3 3 0 0 3 2 3 1.5 2.5
ap 2 3 3 0 2 3 1 2 1 1.5811388300841898
as 2 3 3 0 2 3 1 2 1 1.5811388300841898
pt 3 3 1 1 0 1 2 3 2 3 1 0 1 3 3 1 1 0 1 3 0 -1 1.0 0.0
ll 3 3 1 1 0 1 2 3 2 3 1 0 1 3 3 1 1 0 1 3 1 3 2 0 2 0 2 3 2.0 3.0
ap 2 0 3 1 3 0 0 3 0 0.0
as 2 0 3 1 3 0 0 3 0 0.0
pt 2 2 1 0 2 0 2 2 1 3 2 1 2 2.0 1.0
ll 2 2 1 0 2 0 2 2 1 3 2 2 2 1 1 0 0 2 0 2 1 2 1.0 0.0
ap 3 0 0 1 2 1 0 2 2 1 2 2.23606797749979
as 3 0 0 1 2 1 0 2 2 1 2 2.23606797749979
pt 3 2 2 0 2 1 3 3 0 2 3 2 0 2 3 0 1 2 4 0 3.0 0.0
ll 3 2 2 0 2 1 3 3 0 2 3 2 0 2 3 0 1 2 1 3 2 2 3 0 1 2 2.0 1.0
ap 2 3 1 1 2 2 3 0 0 1.956559480312316
as 2 3 1 1 2 2 3 0 0 1.956559480312316
pt 3 3 1 1 0 0 3 2 3 2 1 1 0 2 3 2 1 3 3 3 4 0 2.769230769230769 1.8461538461538463
ll 3 3 1 1 0 0 3 2 3 2 1 1 0 2 3 2 1 3 3 3 3 3 2 3 1 0 2 0 2 3 3 0 3 3 2 1 0 0 3 2 1.2857142857142858 0.8571428571428571
ap 2 1 0 2 2 2 0 0 0 0.0
as 2 1 0 2 2 2 0 0 0 0.0
pt 1 2 3 0 0 0 1 0 1.0 0.0
ll 1 2 3 0 0 0 3 3 3 1 0 0 3 2 3 2 2 2 2 3 1 3 0 1 3 2 2 2 0.0 0.0
ap 3 2 2 2 0 2 0 0 0 2 0 2.0
as 3 2 2 2 0 2 0 0 0 2 0 2.0
pt 3 3 3 2 0 3 0 1 3 1 0 1 1 3 3 2 0 1 1 3 3 -1 1.0 0.0
ll 3 3 3 2 0 3 0 1 3 1 0 1 1 3 3 2 0 1 1 3 2 3 1 2 3 1 3 1 3 0 0 1 3 3 1 1.6666666666666667 1.6666666666666667
ap 2 0 1 3 2 2 0 0 0 0.0
as 2 0 1 3 2 2 0 0 0 0.0
pt 3 2 3 0 3 1 3 0 3 3 0 3 3 2 1 1 1 0 3 3 3.0 3.0
ll 3 2 3 0 3 1 3 0 3 3 0 3 3 2 1 1 1 0 3 3 0 3 0 2 2 1 2 2 0 0 2 2 3 1 2 1 0.0 3.0
ap 3 0 0 3 3 2 1 1 2 2 0 1.8856180831641265
as 3 0 0 3 3 2 1 1 2 2 0 1.8856180831641265
pt 3 2 2 0 3 0 2 1 3 3 3 2 2 3 0 1 -1 0 0.0 1.0
ll 3 2 2 0 3 0 2 1 3 3 3 2 2 3 0 1 1 3 1 3 1 1 0 0 1.0 3.0
ap 2 2 1 2 3 2 3 3 3 2.0
as 2 2 1 2 3 2 3 3 3 2.0
